$17.4336, 5.0, 0.0, 0.0, -3.8, 1.8
$16.6546, 6.0, 0.0, 0.0, -3.8, 1.8
$16.4522, 7.0, 0.0, 0.0, -3.8, 1.8
$16.4821, 8.0, 0.0, 0.0, -3.8, 1.8
$15.9646, 9.0, 0.0, 0.0, -3.8, 1.8
$15.9646, 10.0, 0.0, 0.0, -3.8, 1.8
$15.5747, 11.0, 0.0, 0.0, -3.8, 1.8
$15.2221, 12.0, 0.0, 0.0, -3.8, 1.8
$14.9264, 13.0, 0.0, 0.0, -3.8, 1.8
$14.9439, 14.0, 0.0, 0.0, -3.8, 1.8
$14.5846, 15.0, 0.0, 0.0, -3.8, 1.8
$14.5846, 15.0, 1.0, 0.0, -3.9, 1.8
$13.8197, 14.0, 1.0, 0.0, -3.8, 1.8
$13.8371, 13.0, 1.0, 0.0, -3.8, 1.8
$13.9376, 12.0, 1.0, 0.0, -3.7, 1.8
$13.9847, 11.0, 1.0, 0.0, -3.7, 1.9
$14.1626, 10.0, 1.0, 0.0, -3.7, 1.8
$14.4340, 9.0, 1.0, 0.0, -3.8, 1.8
$14.8247, 8.0, 1.0, 0.0, -3.8, 1.8
$15.2832, 7.0, 1.0, 0.0, -3.8, 1.8
$15.5488, 6.0, 1.0, 0.0, -3.8, 1.8
$15.5566, 5.0, 1.0, 0.0, -3.8, 1.8
$15.9324, 4.0, 1.0, 0.0, -3.8, 1.8
$16.5108, 3.0, 1.0, 0.0, -3.8, 1.8
$16.7446, 2.0, 1.0, 0.0, -3.8, 1.8
$16.7596, 1.0, 1.0, 0.0, -3.7, 1.8
$16.9919, 0.0, 1.0, 0.0, -3.8, 1.8
$16.9919, 359.0, 1.0, 0.0, -3.8, 1.8
$11.2397, 358.0, 1.0, 0.0, -3.7, 1.7
$10.9996, 357.0, 1.0, 0.0, -3.8, 1.8
$10.9631, 356.0, 1.0, 0.0, -3.8, 1.8
$10.9622, 355.0, 1.0, 0.0, -3.7, 1.8
$10.9846, 354.0, 1.0, 0.0, -3.8, 1.8
$11.0184, 353.0, 1.0, 0.0, -3.8, 1.8
$20.3389, 352.0, 1.0, 0.0, -3.8, 1.9
$20.6322, 351.0, 1.0, 0.0, -3.8, 1.8
$21.2133, 350.0, 1.0, 0.0, -3.8, 1.8
$21.5596, 349.0, 1.0, 0.0, -3.8, 1.8
$16.6123, 348.0, 1.0, 0.0, -3.8, 1.8
$16.5403, 347.0, 1.0, 0.0, -3.8, 1.8
$16.5215, 346.0, 1.0, 0.0, -3.8, 1.8
$16.5382, 345.0, 1.0, 0.0, -3.7, 1.8
$19.8646, 345.0, 2.0, 0.0, -3.8, 1.8
$19.8646, 346.0, 2.0, 0.0, -3.8, 1.8
$16.5591, 347.0, 2.0, 0.0, -3.8, 1.8
$16.5591, 348.0, 2.0, 0.0, -3.8, 1.8
$16.5296, 349.0, 2.0, 0.0, -3.7, 1.8
$16.5634, 350.0, 2.0, 0.0, -3.8, 1.8
$16.6021, 351.0, 2.0, 0.0, -3.8, 1.8
$20.3435, 352.0, 2.0, 0.0, -3.8, 1.8
$19.8516, 353.0, 2.0, 0.0, -3.8, 1.8
$20.3898, 354.0, 2.0, 0.0, -3.8, 1.8
$11.0171, 355.0, 2.0, 0.0, -3.8, 1.8
$11.0171, 356.0, 2.0, 0.0, -3.8, 1.8
$11.0171, 357.0, 2.0, 0.0, -3.8, 1.8
$10.9822, 358.0, 2.0, 0.0, -3.8, 1.8
$11.0118, 359.0, 2.0, 0.0, -3.7, 1.8
$11.0773, 0.0, 2.0, 0.0, -3.8, 1.8
$16.5344, 1.0, 2.0, 0.0, -3.7, 1.9
$16.1296, 2.0, 2.0, 0.0, -3.7, 1.8
$15.8501, 3.0, 2.0, 0.0, -3.7, 1.8
$15.6496, 4.0, 2.0, 0.0, -3.8, 1.8
$15.4445, 5.0, 2.0, 0.0, -3.8, 1.8
$15.0460, 6.0, 2.0, 0.0, -3.8, 1.8
$15.0526, 7.0, 2.0, 0.0, -3.8, 1.8
$15.0526, 8.0, 2.0, 0.0, -3.7, 1.8
$14.2772, 9.0, 2.0, 0.0, -3.7, 1.8
$14.0256, 10.0, 2.0, 0.0, -3.8, 1.8
$13.8935, 11.0, 2.0, 0.0, -3.8, 1.8
$13.8358, 12.0, 2.0, 0.0, -3.8, 1.8
$13.5497, 13.0, 2.0, 0.0, -3.8, 1.8
$13.4726, 14.0, 2.0, 0.0, -3.8, 1.8
$13.1821, 15.0, 2.0, 0.0, -3.8, 1.8
$13.0960, 15.0, 3.0, 0.0, -3.8, 1.8
$12.8110, 14.0, 3.0, 0.0, -3.8, 1.8
$12.8597, 13.0, 3.0, 0.0, -3.9, 1.8
$13.0922, 12.0, 3.0, 0.0, -3.8, 1.8
$7.4513, 11.0, 3.0, 0.0, -3.8, 1.8
$13.3846, 10.0, 3.0, 0.0, -3.7, 1.8
$0.9391, 9.0, 3.0, 0.0, -3.9, 1.8
$13.5407, 8.0, 3.0, 0.0, -3.8, 1.8
$13.6771, 7.0, 3.0, 0.0, -3.8, 1.8
$13.8422, 6.0, 3.0, 0.0, -3.8, 1.8
$14.2525, 5.0, 3.0, 0.0, -3.8, 1.8
$14.3896, 4.0, 3.0, 0.0, -3.8, 1.8
$14.7347, 3.0, 3.0, 0.0, -3.8, 1.8
$14.8921, 2.0, 3.0, 0.0, -3.8, 1.8
$15.3222, 1.0, 3.0, 0.0, -3.8, 1.8
$15.5970, 0.0, 3.0, 0.0, -3.8, 1.6
$16.0117, 359.0, 3.0, 0.0, -3.8, 1.8
$11.2397, 358.0, 3.0, 0.0, -4.0, 1.8
$11.0083, 357.0, 3.0, 0.0, -3.8, 1.8
$10.9828, 356.0, 3.0, 0.0, -3.8, 1.8
$10.9846, 355.0, 3.0, 0.0, -3.8, 1.8
$10.9945, 354.0, 3.0, 0.0, -3.8, 1.8
$11.0221, 353.0, 3.0, 0.0, -3.8, 1.8
$18.9035, 352.0, 3.0, 0.0, -3.8, 1.8
$19.4394, 351.0, 3.0, 0.0, -3.8, 1.8
$19.7399, 350.0, 3.0, 0.0, -3.8, 1.8
$16.5872, 349.0, 3.0, 0.0, -3.8, 1.8
$16.5872, 348.0, 3.0, 0.0, -3.8, 1.8
$16.5391, 347.0, 3.0, 0.0, -3.8, 1.8
$16.5347, 346.0, 3.0, 0.0, -3.8, 1.7
$16.5496, 345.0, 3.0, 0.0, -3.8, 1.8
$16.5794, 345.0, 4.0, 0.0, -3.8, 1.8
$16.5797, 346.0, 4.0, 0.0, -3.8, 1.8
$16.5623, 347.0, 4.0, 0.0, -3.8, 1.8
$16.5415, 348.0, 4.0, 0.0, -3.7, 1.8
$16.5441, 349.0, 4.0, 0.0, -3.8, 1.8
$16.5772, 350.0, 4.0, 0.0, -3.8, 1.8
$16.5796, 351.0, 4.0, 0.0, -3.8, 1.8
$18.2656, 352.0, 4.0, 0.0, -3.8, 1.8
$18.2929, 353.0, 4.0, 0.0, -3.8, 1.8
$18.2732, 354.0, 4.0, 0.0, -3.8, 1.8
$11.0446, 355.0, 4.0, 0.0, -3.7, 1.8
$11.0221, 356.0, 4.0, 0.0, -3.7, 1.8
$10.9863, 357.0, 4.0, 0.0, -3.8, 1.8
$10.9863, 358.0, 4.0, 0.0, -3.8, 1.8
$11.0160, 359.0, 4.0, 0.0, -3.8, 1.8
$11.0896, 0.0, 4.0, 0.0, -3.8, 1.8
$15.4171, 1.0, 4.0, 0.0, -3.8, 1.8
$15.5176, 2.0, 4.0, 0.0, -3.7, 1.8
$14.8661, 3.0, 4.0, 0.0, -3.8, 1.8
$14.6504, 4.0, 4.0, 0.0, -3.7, 1.8
$14.4672, 5.0, 4.0, 0.0, -3.8, 1.8
$14.2309, 6.0, 4.0, 0.0, -3.8, 1.8
$13.6872, 7.0, 4.0, 0.0, -3.8, 1.8
$13.6872, 8.0, 4.0, 0.0, -3.8, 1.8
$13.3839, 9.0, 4.0, 0.0, -3.8, 1.8
$13.1821, 10.0, 4.0, 0.0, -3.8, 1.8
$12.9721, 11.0, 4.0, 0.0, -3.8, 1.8
$12.9244, 12.0, 4.0, 0.0, -3.8, 1.8
$12.5955, 13.0, 4.0, 0.0, -3.8, 1.8
$12.6451, 14.0, 4.0, 0.0, -3.7, 1.8
$12.4151, 15.0, 4.0, 0.0, -3.8, 1.8
$12.2191, 15.0, 5.0, 0.0, -3.8, 1.8
$12.0374, 14.0, 5.0, 0.0, -3.9, 1.8
$11.9671, 13.0, 5.0, 0.0, -3.9, 1.8
$12.0489, 12.0, 5.0, 0.0, -3.8, 1.8
$12.0489, 11.0, 5.0, 0.0, -3.8, 1.8
$12.3253, 10.0, 5.0, 0.0, -3.8, 1.8
$12.6694, 9.0, 5.0, 0.0, -3.9, 1.8
$12.6646, 8.0, 5.0, 0.0, -3.8, 1.8
$12.9646, 7.0, 5.0, 0.0, -3.8, 1.8
$13.0321, 6.0, 5.0, 0.0, -3.8, 1.8
$13.0616, 5.0, 5.0, 0.0, -3.8, 1.8
$13.3771, 4.0, 5.0, 0.0, -3.8, 1.8
$13.7547, 3.0, 5.0, 0.0, -3.9, 1.8
$13.9171, 2.0, 5.0, 0.0, -3.8, 1.8
$14.1846, 1.0, 5.0, 0.0, -3.8, 1.8
$14.4821, 0.0, 5.0, 0.0, -3.8, 1.7
$14.8914, 359.0, 5.0, 0.0, -3.7, 1.7
$11.1777, 358.0, 5.0, 0.0, -3.6, 1.7
$11.0257, 357.0, 5.0, 0.0, -3.8, 1.8
$11.0020, 356.0, 5.0, 0.0, -3.8, 1.8
$11.0015, 355.0, 5.0, 0.0, -3.8, 1.8
$11.0361, 354.0, 5.0, 0.0, -3.8, 1.8
$11.1299, 353.0, 5.0, 0.0, -3.8, 1.8
$17.2287, 352.0, 5.0, 0.0, -3.8, 1.8
$17.3220, 351.0, 5.0, 0.0, -3.8, 1.6
$18.2318, 350.0, 5.0, 0.0, -3.8, 1.8
$18.2372, 349.0, 5.0, 0.0, -3.8, 1.8
$16.6134, 348.0, 5.0, 0.0, -3.8, 1.7
$16.5508, 347.0, 5.0, 0.0, -3.8, 1.8
$16.5487, 346.0, 5.0, 0.0, -3.8, 1.8
$16.5524, 345.0, 5.0, 0.0, -3.8, 1.8
$16.5830, 345.0, 6.0, 0.0, -3.7, 1.7
$16.5830, 346.0, 6.0, 0.0, -3.9, 1.8
$16.5646, 347.0, 6.0, 0.0, -3.7, 1.8
$12.5944, 348.0, 6.0, 0.0, -3.8, 1.8
$12.6121, 349.0, 6.0, 0.0, -3.8, 1.8
$16.5942, 350.0, 6.0, 0.0, -3.8, 1.8
$17.1992, 351.0, 6.0, 0.0, -3.8, 1.8
$16.9167, 352.0, 6.0, 0.0, -3.7, 1.8
$16.6824, 353.0, 6.0, 0.0, -3.8, 1.8
$16.5748, 354.0, 6.0, 0.0, -3.8, 1.8
$11.0491, 355.0, 6.0, 0.0, -3.8, 1.8
$11.0491, 356.0, 6.0, 0.0, -3.7, 1.8
$11.0162, 357.0, 6.0, 0.0, -3.8, 1.8
$11.0166, 358.0, 6.0, 0.0, -3.8, 1.8
$11.0244, 359.0, 6.0, 0.0, -3.8, 1.8
$11.1698, 0.0, 6.0, 0.0, -3.8, 1.8
$14.1643, 1.0, 6.0, 0.0, -3.8, 1.8
$13.8872, 2.0, 6.0, 0.0, -3.8, 1.8
$13.7423, 3.0, 6.0, 0.0, -3.8, 1.8
$13.4887, 4.0, 6.0, 0.0, -3.7, 1.8
$13.4415, 5.0, 6.0, 0.0, -3.8, 1.8
$13.0396, 6.0, 6.0, 0.0, -3.8, 1.8
$12.8853, 7.0, 6.0, 0.0, -3.8, 1.8
$12.9232, 8.0, 6.0, 0.0, -3.8, 1.8
$12.8438, 9.0, 6.0, 0.0, -3.9, 1.8
$10.8257, 10.0, 6.0, 0.0, -3.8, 1.8
$12.2052, 11.0, 6.0, 0.0, -3.8, 1.8
$12.0722, 12.0, 6.0, 0.0, -3.7, 1.8
$11.9296, 13.0, 6.0, 0.0, -3.8, 1.8
$11.6905, 14.0, 6.0, 0.0, -3.7, 1.8
$11.6071, 15.0, 6.0, 0.0, -3.8, 1.8
$11.5021, 15.0, 7.0, 0.0, -3.8, 1.8
$11.2415, 14.0, 7.0, 0.0, -3.8, 1.8
$10.9434, 13.0, 7.0, 0.0, -3.7, 1.8
$11.5202, 12.0, 7.0, 0.0, -3.9, 1.8
$11.5877, 11.0, 7.0, 0.0, -3.8, 1.7
$11.6821, 10.0, 7.0, 0.0, -3.8, 1.8
$11.8396, 9.0, 7.0, 0.0, -3.8, 1.7
$11.7271, 8.0, 7.0, 0.0, -3.8, 1.8
$12.0320, 7.0, 7.0, 0.0, -3.8, 1.7
$12.1546, 6.0, 7.0, 0.0, -3.8, 1.8
$12.3871, 5.0, 7.0, 0.0, -3.8, 1.8
$12.3421, 4.0, 7.0, 0.0, -3.8, 1.8
$12.8192, 3.0, 7.0, 0.0, -3.8, 1.8
$13.0321, 2.0, 7.0, 0.0, -3.8, 1.8
$6.8241, 1.0, 7.0, 0.0, -3.8, 1.8
$6.8241, 0.0, 7.0, 0.0, -3.8, 1.7
$13.3837, 359.0, 7.0, 0.0, -3.8, 1.7
$11.1689, 358.0, 7.0, 0.0, -3.8, 1.8
$11.0610, 357.0, 7.0, 0.0, -3.8, 1.8
$11.0249, 356.0, 7.0, 0.0, -3.8, 1.8
$11.0205, 355.0, 7.0, 0.0, -3.7, 1.8
$11.0419, 354.0, 7.0, 0.0, -3.8, 1.8
$11.0747, 353.0, 7.0, 0.0, -3.8, 1.7
$15.5521, 352.0, 7.0, 0.0, -3.8, 1.8
$16.1897, 351.0, 7.0, 0.0, -3.8, 1.8
$16.3612, 350.0, 7.0, 0.0, -3.8, 1.8
$16.7472, 349.0, 7.0, 0.0, -3.8, 1.8
$16.8571, 348.0, 7.0, 0.0, -3.7, 1.8
$16.6096, 347.0, 7.0, 0.0, -3.8, 1.8
$16.5747, 346.0, 7.0, 0.0, -3.8, 1.7
$16.6810, 345.0, 7.0, 0.0, -3.8, 1.7
$17.5621, 345.0, 8.0, 0.0, -3.8, 1.8
$17.1871, 346.0, 8.0, 0.0, -3.8, 1.8
$16.6546, 347.0, 8.0, 0.0, -3.8, 1.9
$16.6148, 348.0, 8.0, 0.0, -3.8, 1.8
$16.6159, 349.0, 8.0, 0.0, -3.8, 1.8
$16.4602, 350.0, 8.0, 0.0, -3.9, 1.9
$16.4602, 351.0, 8.0, 0.0, -3.8, 1.8
$15.6120, 352.0, 8.0, 0.0, -3.8, 1.8
$15.5874, 353.0, 8.0, 0.0, -3.9, 1.8
$15.4564, 354.0, 8.0, 0.0, -3.7, 1.8
$15.1397, 355.0, 8.0, 0.0, -3.7, 1.8
$11.0718, 356.0, 8.0, 0.0, -3.8, 1.8
$11.0420, 357.0, 8.0, 0.0, -3.8, 1.8
$11.0357, 358.0, 8.0, 0.0, -3.8, 1.8
$11.0635, 359.0, 8.0, 0.0, -3.8, 1.8
$11.0635, 0.0, 8.0, 0.0, -3.8, 1.8
$13.2496, 1.0, 8.0, 0.0, -3.7, 1.8
$1.8422, 2.0, 8.0, 0.0, -3.9, 1.8
$12.8371, 3.0, 8.0, 0.0, -3.7, 1.8
$12.5671, 4.0, 8.0, 0.0, -3.8, 2.0
$12.1788, 5.0, 8.0, 0.0, -3.8, 1.8
$12.1640, 6.0, 8.0, 0.0, -3.8, 1.8
$11.8948, 7.0, 8.0, 0.0, -3.8, 1.8
$11.7331, 8.0, 8.0, 0.0, -3.7, 1.8
$11.5431, 9.0, 8.0, 0.0, -3.8, 1.8
$11.6471, 10.0, 8.0, 0.0, -3.8, 1.8
$10.8484, 11.0, 8.0, 0.0, -3.8, 1.8
$11.4421, 12.0, 8.0, 0.0, -3.8, 1.8
$10.8333, 13.0, 8.0, 0.0, -3.8, 1.8
$10.8258, 14.0, 8.0, 0.0, -3.8, 1.8
$10.8544, 15.0, 8.0, 0.0, -3.8, 1.8
$10.7722, 15.0, 9.0, 0.0, -3.8, 1.7
$10.5759, 14.0, 9.0, 0.0, -3.8, 1.8
$10.5421, 13.0, 9.0, 0.0, -3.8, 1.7
$10.6397, 12.0, 9.0, 0.0, -3.8, 1.7
$10.8197, 11.0, 9.0, 0.0, -3.8, 1.7
$10.8331, 10.0, 9.0, 0.0, -3.8, 1.8
$10.8928, 9.0, 9.0, 0.0, -3.7, 1.8
$11.2740, 8.0, 9.0, 0.0, -3.8, 1.8
$11.3746, 7.0, 9.0, 0.0, -3.8, 1.8
$11.4722, 6.0, 9.0, 0.0, -3.8, 1.8
$11.5384, 5.0, 9.0, 0.0, -3.8, 1.8
$11.5696, 4.0, 9.0, 0.0, -3.9, 1.8
$11.7121, 3.0, 9.0, 0.0, -3.8, 1.8
$11.7818, 2.0, 9.0, 0.0, -3.8, 1.8
$12.1512, 1.0, 9.0, 0.0, -3.8, 1.8
$12.2215, 0.0, 9.0, 0.0, -3.7, 1.7
$12.7785, 359.0, 9.0, 0.0, -3.7, 1.7
$12.5222, 358.0, 9.0, 0.0, -3.8, 1.7
$11.2171, 357.0, 9.0, 0.0, -3.8, 1.7
$11.0541, 356.0, 9.0, 0.0, -3.8, 1.8
$11.0504, 355.0, 9.0, 0.0, -3.8, 1.7
$11.0567, 354.0, 9.0, 0.0, -3.8, 1.7
$13.7368, 353.0, 9.0, 0.0, -3.5, 1.8
$13.9322, 352.0, 9.0, 0.0, -3.8, 1.7
$13.9322, 351.0, 9.0, 0.0, -3.8, 1.7
$14.0257, 350.0, 9.0, 0.0, -3.8, 1.8
$14.4046, 349.0, 9.0, 0.0, -3.8, 1.7
$14.4022, 348.0, 9.0, 0.0, -3.8, 1.8
$15.3549, 347.0, 9.0, 0.0, -3.8, 1.8
$16.6418, 346.0, 9.0, 0.0, -3.7, 1.8
$13.2382, 345.0, 9.0, 0.0, -3.8, 1.8
$12.9722, 345.0, 10.0, 0.0, -3.8, 1.8
$11.7235, 346.0, 10.0, 0.0, -3.8, 1.6
$11.3475, 347.0, 10.0, 0.0, -3.8, 1.7
$11.3477, 348.0, 10.0, 0.0, -3.8, 1.8
$11.3477, 349.0, 10.0, 0.0, -3.8, 1.8
$11.3477, 350.0, 10.0, 0.0, -3.9, 1.8
$11.4271, 351.0, 10.0, 0.0, -3.8, 1.8
$11.2660, 352.0, 10.0, 0.0, -3.8, 1.8
$11.3107, 353.0, 10.0, 0.0, -3.8, 1.8
$10.7897, 354.0, 10.0, 0.0, -3.8, 1.8
$11.1796, 355.0, 10.0, 0.0, -3.8, 1.8
$11.1796, 356.0, 10.0, 0.0, -3.8, 1.8
$11.0947, 357.0, 10.0, 0.0, -3.8, 1.8
$11.0936, 358.0, 10.0, 0.0, -3.7, 1.8
$11.1442, 359.0, 10.0, 0.0, -3.8, 1.8
$11.3070, 0.0, 10.0, 0.0, -3.8, 1.8
$11.7422, 1.0, 10.0, 0.0, -3.7, 1.8
$11.2696, 2.0, 10.0, 0.0, -3.8, 1.8
$10.8571, 3.0, 10.0, 0.0, -3.8, 1.8
$10.5571, 4.0, 10.0, 0.0, -3.8, 1.8
$10.7746, 5.0, 10.0, 0.0, -3.8, 1.8
$10.7733, 6.0, 10.0, 0.0, -3.8, 1.8
$10.6452, 7.0, 10.0, 0.0, -3.8, 1.8
$10.5814, 8.0, 10.0, 0.0, -3.8, 1.8
$10.2035, 9.0, 10.0, 0.0, -3.7, 1.8
$10.4508, 10.0, 10.0, 0.0, -3.8, 1.8
$10.3279, 11.0, 10.0, 0.0, -3.8, 1.8
$10.2946, 12.0, 10.0, 0.0, -3.7, 1.8
$10.1596, 13.0, 10.0, 0.0, -3.7, 1.8
$10.2633, 14.0, 10.0, 0.0, -3.8, 1.8
$10.2383, 15.0, 10.0, 0.0, -3.8, 1.7
$10.2347, 15.0, 11.0, 0.0, -3.8, 1.8
$9.4382, 14.0, 11.0, 0.0, -3.8, 1.8
$9.4382, 13.0, 11.0, 0.0, -3.8, 1.7
$9.5034, 12.0, 11.0, 0.0, -3.8, 1.8
$9.7771, 11.0, 11.0, 0.0, -3.7, 1.7
$9.6975, 10.0, 11.0, 0.0, -3.8, 1.8
$9.6000, 9.0, 11.0, 0.0, -3.8, 1.7
$9.5810, 8.0, 11.0, 0.0, -3.8, 1.8
$9.7195, 7.0, 11.0, 0.0, -3.7, 1.8
$9.9481, 6.0, 11.0, 0.0, -3.8, 1.8
$9.8741, 5.0, 11.0, 0.0, -3.8, 1.7
$9.7458, 4.0, 11.0, 0.0, -3.9, 1.8
$10.2118, 3.0, 11.0, 0.0, -3.8, 1.7
$10.2118, 2.0, 11.0, 0.0, -3.8, 1.7
$9.8892, 1.0, 11.0, 0.0, -3.8, 1.7
$9.8820, 0.0, 11.0, 0.0, -3.8, 1.8
$9.8446, 359.0, 11.0, 0.0, -3.8, 1.7
$10.0246, 358.0, 11.0, 0.0, -3.7, 1.7
$10.1537, 357.0, 11.0, 0.0, -3.8, 1.7
$9.9496, 356.0, 11.0, 0.0, -3.8, 1.8
$9.9496, 355.0, 11.0, 0.0, -3.8, 1.8
$10.2347, 354.0, 11.0, 0.0, -3.8, 1.8
$10.2984, 353.0, 11.0, 0.0, -3.8, 1.8
$10.2947, 352.0, 11.0, 0.0, -3.8, 1.8
$10.4844, 351.0, 11.0, 0.0, -3.8, 1.7
$10.3322, 350.0, 11.0, 0.0, -3.9, 1.7
$10.3321, 349.0, 11.0, 0.0, -3.8, 1.7
$10.2422, 348.0, 11.0, 0.0, -3.8, 1.8
$10.1055, 347.0, 11.0, 0.0, -3.8, 1.7
$10.0997, 346.0, 11.0, 0.0, -3.9, 1.7
$10.7091, 345.0, 11.0, 0.0, -3.8, 1.8
$10.5399, 345.0, 12.0, 0.0, -3.8, 1.7
$9.5670, 346.0, 12.0, 0.0, -3.8, 1.7
$9.4154, 347.0, 12.0, 0.0, -3.8, 1.8
$9.4986, 348.0, 12.0, 0.0, -3.8, 1.8
$9.4546, 349.0, 12.0, 0.0, -3.8, 1.8
$9.5014, 350.0, 12.0, 0.0, -3.8, 1.8
$9.5031, 351.0, 12.0, 0.0, -3.8, 1.8
$9.3541, 352.0, 12.0, 0.0, -3.8, 1.8
$9.1786, 353.0, 12.0, 0.0, -3.8, 1.8
$9.1096, 354.0, 12.0, 0.0, -3.8, 1.8
$9.0946, 355.0, 12.0, 0.0, -3.8, 1.8
$9.2493, 356.0, 12.0, 0.0, -3.7, 1.8
$9.2493, 357.0, 12.0, 0.0, -3.8, 1.8
$9.2852, 358.0, 12.0, 0.0, -3.8, 1.8
$9.3346, 359.0, 12.0, 0.0, -3.8, 1.8
$9.5221, 0.0, 12.0, 0.0, -3.9, 1.7
$9.2971, 1.0, 12.0, 0.0, -3.8, 1.8
$8.9971, 2.0, 12.0, 0.0, -3.8, 1.8
$9.0017, 3.0, 12.0, 0.0, -3.8, 1.8
$2.6639, 4.0, 12.0, 0.0, -3.7, 1.8
$2.6547, 5.0, 12.0, 0.0, -3.8, 1.8
$2.6447, 6.0, 12.0, 0.0, -3.8, 1.8
$2.6447, 7.0, 12.0, 0.0, -3.8, 1.8
$9.1438, 8.0, 12.0, 0.0, -3.8, 1.8
$9.0871, 9.0, 12.0, 0.0, -3.8, 1.8
$9.3481, 10.0, 12.0, 0.0, -3.8, 1.8
$9.3496, 11.0, 12.0, 0.0, -3.7, 1.8
$9.3416, 12.0, 12.0, 0.0, -3.8, 1.7
$9.3416, 13.0, 12.0, 0.0, -3.8, 1.8
$9.3416, 14.0, 12.0, 0.0, -3.8, 1.8
$8.9788, 15.0, 12.0, 0.0, -3.8, 1.8
$8.6887, 15.0, 13.0, 0.0, -3.8, 1.8
$8.2271, 14.0, 13.0, 0.0, -3.8, 1.7
$8.2277, 13.0, 13.0, 0.0, -3.8, 1.7
$8.2287, 12.0, 13.0, 0.0, -3.8, 1.7
$8.3412, 11.0, 13.0, 0.0, -3.8, 1.7
$8.3672, 10.0, 13.0, 0.0, -3.8, 1.8
$8.4721, 9.0, 13.0, 0.0, -3.8, 1.7
$8.2771, 8.0, 13.0, 0.0, -3.8, 1.8
$2.5922, 7.0, 13.0, 0.0, -3.8, 1.7
$8.3521, 6.0, 13.0, 0.0, -3.8, 1.7
$8.3188, 5.0, 13.0, 0.0, -3.8, 1.7
$8.3071, 4.0, 13.0, 0.0, -3.8, 1.7
$8.2996, 3.0, 13.0, 0.0, -3.8, 1.7
$8.2996, 2.0, 13.0, 0.0, -3.8, 1.7
$8.4421, 1.0, 13.0, 0.0, -3.8, 1.7
$8.3897, 0.0, 13.0, 0.0, -3.8, 1.7
$8.5996, 359.0, 13.0, 0.0, -3.8, 1.7
$8.4372, 358.0, 13.0, 0.0, -3.8, 1.7
$8.5696, 357.0, 13.0, 0.0, -3.9, 1.8
$8.5620, 356.0, 13.0, 0.0, -3.8, 1.7
$8.6446, 355.0, 13.0, 0.0, -3.8, 1.7
$8.6072, 354.0, 13.0, 0.0, -3.8, 1.7
$8.6072, 353.0, 13.0, 0.0, -3.8, 1.7
$8.5873, 352.0, 13.0, 0.0, -3.8, 1.8
$8.5508, 351.0, 13.0, 0.0, -3.9, 1.7
$8.4527, 350.0, 13.0, 0.0, -3.8, 1.8
$8.5261, 349.0, 13.0, 0.0, -3.8, 1.4
$8.5997, 348.0, 13.0, 0.0, -3.9, 1.8
$8.6297, 347.0, 13.0, 0.0, -3.9, 1.8
$8.7196, 346.0, 13.0, 0.0, -3.8, 1.8
$8.7152, 345.0, 13.0, 0.0, -3.8, 1.7
$8.8546, 345.0, 14.0, 0.0, -3.8, 1.7
$8.1219, 346.0, 14.0, 0.0, -3.8, 1.7
$8.1315, 347.0, 14.0, 0.0, -3.8, 1.8
$8.1196, 348.0, 14.0, 0.0, -3.8, 1.8
$8.0893, 349.0, 14.0, 0.0, -3.9, 1.7
$8.1750, 350.0, 14.0, 0.0, -3.8, 1.8
$7.9892, 351.0, 14.0, 0.0, -3.8, 1.8
$8.0089, 352.0, 14.0, 0.0, -3.8, 1.7
$7.7989, 353.0, 14.0, 0.0, -3.8, 1.8
$7.7989, 354.0, 14.0, 0.0, -3.9, 1.8
$7.9547, 355.0, 14.0, 0.0, -3.8, 1.8
$7.8571, 356.0, 14.0, 0.0, -3.9, 1.8
$7.8571, 357.0, 14.0, 0.0, -3.8, 1.8
$7.9022, 358.0, 14.0, 0.0, -3.8, 1.8
$7.9132, 359.0, 14.0, 0.0, -3.8, 1.8
$7.9919, 0.0, 14.0, 0.0, -3.8, 1.8
$7.8464, 1.0, 14.0, 0.0, -3.9, 1.8
$7.8333, 2.0, 14.0, 0.0, -3.8, 1.8
$7.8367, 3.0, 14.0, 0.0, -3.8, 1.7
$7.9069, 4.0, 14.0, 0.0, -3.9, 1.8
$7.7447, 5.0, 14.0, 0.0, -3.7, 1.8
$7.7447, 6.0, 14.0, 0.0, -3.7, 1.8
$7.7963, 7.0, 14.0, 0.0, -3.8, 1.7
$7.6547, 8.0, 14.0, 0.0, -3.8, 1.8
$7.5795, 9.0, 14.0, 0.0, -3.8, 1.7
$7.5646, 10.0, 14.0, 0.0, -3.8, 1.8
$7.7112, 11.0, 14.0, 0.0, -3.8, 1.8
$7.5872, 12.0, 14.0, 0.0, -3.7, 1.8
$7.6117, 13.0, 14.0, 0.0, -3.8, 1.8
$7.6010, 14.0, 14.0, 0.0, -4.0, 1.8
$7.6245, 15.0, 14.0, 0.0, -3.8, 1.8
$6.8308, 15.0, 15.0, 0.0, -3.8, 1.8
$7.1967, 14.0, 15.0, 0.0, -3.8, 1.8
$7.1991, 13.0, 15.0, 0.0, -3.8, 1.7
$7.2150, 12.0, 15.0, 0.0, -3.8, 1.7
$7.2150, 11.0, 15.0, 0.0, -3.8, 1.7
$7.2197, 10.0, 15.0, 0.0, -3.9, 1.8
$7.2722, 9.0, 15.0, 0.0, -3.8, 1.7
$7.3021, 8.0, 15.0, 0.0, -3.8, 1.7
$7.3472, 7.0, 15.0, 0.0, -3.8, 1.7
$7.2521, 6.0, 15.0, 0.0, -3.8, 1.9
$7.2521, 5.0, 15.0, 0.0, -3.8, 1.7
$7.3396, 4.0, 15.0, 0.0, -3.8, 1.8
$7.3621, 3.0, 15.0, 0.0, -3.8, 1.7
$7.3071, 2.0, 15.0, 0.0, -3.8, 1.7
$7.2932, 1.0, 15.0, 0.0, -3.8, 1.7
$7.3546, 0.0, 15.0, 0.0, -3.8, 1.7
$7.4221, 359.0, 15.0, 0.0, -3.8, 1.7
$7.3668, 358.0, 15.0, 0.0, -3.8, 1.7
$7.3685, 357.0, 15.0, 0.0, -3.8, 1.7
$7.3685, 356.0, 15.0, 0.0, -3.8, 1.7
$7.2647, 355.0, 15.0, 0.0, -3.8, 1.7
$7.2422, 354.0, 15.0, 0.0, -3.8, 1.7
$7.3546, 353.0, 15.0, 0.0, -3.8, 1.7
$7.4478, 352.0, 15.0, 0.0, -3.8, 1.7
$7.5421, 351.0, 15.0, 0.0, -3.7, 1.7
$7.4367, 350.0, 15.0, 0.0, -3.8, 1.7
$7.4971, 349.0, 15.0, 0.0, -3.8, 1.7
$7.5346, 348.0, 15.0, 0.0, -3.8, 1.7
$7.6546, 347.0, 15.0, 0.0, -3.8, 1.7
$7.7072, 346.0, 15.0, 0.0, -3.8, 1.8
$7.6021, 345.0, 15.0, 0.0, -3.8, 1.7
$7.7327, 345.0, 16.0, 0.0, -3.8, 1.7
$7.0246, 346.0, 16.0, 0.0, -3.8, 1.7
$7.1446, 347.0, 16.0, 0.0, -3.8, 1.8
$7.1446, 348.0, 16.0, 0.0, -3.8, 1.7
$6.9391, 349.0, 16.0, 0.0, -3.8, 1.8
$6.9797, 350.0, 16.0, 0.0, -3.8, 1.8
$7.0171, 351.0, 16.0, 0.0, -3.8, 1.8
$7.0771, 352.0, 16.0, 0.0, -3.8, 1.8
$7.0833, 353.0, 16.0, 0.0, -3.8, 1.8
$7.0397, 354.0, 16.0, 0.0, -3.9, 1.8
$6.9093, 355.0, 16.0, 0.0, -3.8, 1.8
$6.8746, 356.0, 16.0, 0.0, -3.8, 1.8
$6.8992, 357.0, 16.0, 0.0, -3.8, 1.6
$6.9301, 358.0, 16.0, 0.0, -3.8, 1.8
$6.8971, 359.0, 16.0, 0.0, -3.9, 1.8
$6.8896, 0.0, 16.0, 0.0, -4.0, 1.7
$6.9305, 1.0, 16.0, 0.0, -3.8, 1.8
$6.9020, 2.0, 16.0, 0.0, -3.8, 1.8
$6.8071, 3.0, 16.0, 0.0, -3.8, 1.8
$6.8146, 4.0, 16.0, 0.0, -3.7, 1.8
$6.7168, 5.0, 16.0, 0.0, -3.8, 1.8
$6.8216, 6.0, 16.0, 0.0, -3.8, 1.8
$6.6797, 7.0, 16.0, 0.0, -3.8, 1.8
$6.6796, 8.0, 16.0, 0.0, -3.8, 1.8
$6.9943, 9.0, 16.0, 0.0, -3.8, 1.8
$6.7587, 10.0, 16.0, 0.0, -3.8, 1.8
$6.7471, 11.0, 16.0, 0.0, -3.8, 1.8
$6.7674, 12.0, 16.0, 0.0, -3.8, 1.8
$6.7471, 13.0, 16.0, 0.0, -3.8, 1.8
$6.8371, 14.0, 16.0, 0.0, -3.7, 1.8
$6.9030, 15.0, 16.0, 0.0, -3.8, 1.8
$6.7291, 15.0, 17.0, 0.0, -3.8, 1.8
$6.3497, 14.0, 17.0, 0.0, -3.8, 1.8
$6.4300, 13.0, 17.0, 0.0, -3.8, 1.7
$6.4093, 12.0, 17.0, 0.0, -3.8, 1.8
$6.4067, 11.0, 17.0, 0.0, -3.8, 1.7
$6.4096, 10.0, 17.0, 0.0, -3.8, 1.7
$6.3850, 9.0, 17.0, 0.0, -3.8, 1.7
$6.3791, 8.0, 17.0, 0.0, -3.8, 1.7
$6.3780, 7.0, 17.0, 0.0, -3.8, 1.7
$6.3795, 6.0, 17.0, 0.0, -3.8, 1.7
$6.3826, 5.0, 17.0, 0.0, -3.9, 1.8
$6.3014, 4.0, 17.0, 0.0, -3.8, 1.7
$6.3647, 3.0, 17.0, 0.0, -3.8, 1.7
$6.3797, 2.0, 17.0, 0.0, -3.8, 1.7
$6.4696, 1.0, 17.0, 0.0, -3.8, 1.7
$6.4847, 0.0, 17.0, 0.0, -3.8, 1.7
$6.4847, 359.0, 17.0, 0.0, -3.8, 1.7
$6.4922, 358.0, 17.0, 0.0, -3.8, 1.7
$6.5321, 357.0, 17.0, 0.0, -3.8, 1.7
$6.6001, 356.0, 17.0, 0.0, -3.8, 1.7
$6.5446, 355.0, 17.0, 0.0, -3.7, 1.7
$6.6121, 354.0, 17.0, 0.0, -3.8, 1.7
$6.5053, 353.0, 17.0, 0.0, -3.8, 1.7
$6.5097, 352.0, 17.0, 0.0, -3.8, 1.7
$6.5725, 351.0, 17.0, 0.0, -3.8, 1.7
$6.5671, 350.0, 17.0, 0.0, -3.8, 1.7
$6.5483, 349.0, 17.0, 0.0, -3.8, 1.8
$6.6024, 348.0, 17.0, 0.0, -3.8, 1.7
$6.6673, 347.0, 17.0, 0.0, -3.8, 1.7
$6.6039, 346.0, 17.0, 0.0, -3.8, 1.7
$6.5896, 345.0, 17.0, 0.0, -3.8, 1.7
$6.6970, 345.0, 18.0, 0.0, -3.8, 1.7
$6.2522, 346.0, 18.0, 0.0, -3.8, 1.7
$6.2221, 347.0, 18.0, 0.0, -3.8, 1.8
$6.2864, 348.0, 18.0, 0.0, -3.8, 1.8
$6.2277, 349.0, 18.0, 0.0, -3.8, 1.8
$6.2481, 350.0, 18.0, 0.0, -3.8, 1.7
$6.2502, 351.0, 18.0, 0.0, -3.8, 1.7
$6.1092, 352.0, 18.0, 0.0, -4.0, 1.8
$6.2897, 353.0, 18.0, 0.0, -3.8, 1.8
$6.2879, 354.0, 18.0, 0.0, -3.8, 1.8
$3.5596, 355.0, 18.0, 0.0, -3.8, 1.7
$6.2482, 356.0, 18.0, 0.0, -3.8, 1.8
$6.2646, 357.0, 18.0, 0.0, -3.8, 1.7
$6.2654, 358.0, 18.0, 0.0, -3.7, 1.8
$6.2297, 359.0, 18.0, 0.0, -3.8, 1.7
$6.2164, 0.0, 18.0, 0.0, -3.8, 1.7
$6.2147, 1.0, 18.0, 0.0, -3.8, 1.8
$6.1498, 2.0, 18.0, 0.0, -3.8, 1.8
$6.1492, 3.0, 18.0, 0.0, -3.9, 1.7
$6.1492, 4.0, 18.0, 0.0, -3.8, 1.8
$6.1492, 5.0, 18.0, 0.0, -3.8, 1.8
$6.1127, 6.0, 18.0, 0.0, -3.8, 1.8
$6.0796, 7.0, 18.0, 0.0, -3.8, 1.8
$6.1297, 8.0, 18.0, 0.0, -3.8, 1.8
$6.1466, 9.0, 18.0, 0.0, -3.8, 1.6
$5.9955, 10.0, 18.0, 0.0, -3.8, 1.8
$6.1298, 11.0, 18.0, 0.0, -3.8, 1.7
$6.0346, 12.0, 18.0, 0.0, -3.8, 1.7
$6.0346, 13.0, 18.0, 0.0, -3.8, 1.7
$6.0365, 14.0, 18.0, 0.0, -3.8, 1.8
$6.0871, 15.0, 18.0, 0.0, -3.8, 1.8
$5.9821, 15.0, 19.0, 0.0, -3.8, 1.8
$5.6315, 14.0, 19.0, 0.0, -3.8, 1.8
$5.7517, 13.0, 19.0, 0.0, -3.8, 1.7
$5.7620, 12.0, 19.0, 0.0, -3.8, 1.7
$5.7647, 11.0, 19.0, 0.0, -3.8, 1.7
$0.0000, 10.0, 19.0, 0.0, -3.8, 1.7
$5.7122, 9.0, 19.0, 0.0, -3.8, 1.7
$5.7347, 8.0, 19.0, 0.0, -3.8, 1.7
$5.8302, 7.0, 19.0, 0.0, -3.9, 1.7
$5.8161, 6.0, 19.0, 0.0, -3.8, 1.8
$5.8231, 5.0, 19.0, 0.0, -3.7, 1.7
$5.8231, 4.0, 19.0, 0.0, -3.8, 1.7
$5.8207, 3.0, 19.0, 0.0, -3.7, 1.7
$5.8244, 2.0, 19.0, 0.0, -3.8, 1.7
$5.8660, 1.0, 19.0, 0.0, -3.8, 1.8
$5.8526, 0.0, 19.0, 0.0, -3.8, 1.7
$5.8621, 359.0, 19.0, 0.0, -3.8, 1.7
$5.8471, 358.0, 19.0, 0.0, -3.8, 1.7
$5.9072, 357.0, 19.0, 0.0, -3.8, 1.7
$5.9477, 356.0, 19.0, 0.0, -3.8, 1.8
$5.9521, 355.0, 19.0, 0.0, -3.8, 1.7
$5.9483, 354.0, 19.0, 0.0, -3.8, 1.7
$5.9041, 353.0, 19.0, 0.0, -3.8, 1.7
$5.9072, 352.0, 19.0, 0.0, -3.9, 1.8
$5.8921, 351.0, 19.0, 0.0, -3.8, 1.7
$5.9112, 350.0, 19.0, 0.0, -3.7, 1.7
$5.9593, 349.0, 19.0, 0.0, -3.8, 1.7
$5.8948, 348.0, 19.0, 0.0, -3.8, 1.7
$5.8921, 347.0, 19.0, 0.0, -3.8, 1.7
$5.8696, 346.0, 19.0, 0.0, -3.8, 1.7
$5.9221, 345.0, 19.0, 0.0, -3.8, 1.7
$5.9222, 345.0, 20.0, 0.0, -3.8, 1.7
$5.6202, 346.0, 20.0, 0.0, -3.8, 1.8
$5.5878, 347.0, 20.0, 0.0, -3.8, 1.8
$5.5390, 348.0, 20.0, 0.0, -3.8, 1.8
$5.5914, 349.0, 20.0, 0.0, -3.7, 1.8
$5.5472, 350.0, 20.0, 0.0, -3.8, 1.8
$5.6563, 351.0, 20.0, 0.0, -3.8, 1.8
$5.6554, 352.0, 20.0, 0.0, -3.8, 1.8
$5.6147, 353.0, 20.0, 0.0, -3.8, 1.8
$5.5918, 354.0, 20.0, 0.0, -3.8, 1.7
$5.5921, 355.0, 20.0, 0.0, -3.7, 1.7
$5.5546, 356.0, 20.0, 0.0, -3.8, 1.7
$5.6758, 357.0, 20.0, 0.0, -3.8, 1.8
$5.5846, 358.0, 20.0, 0.0, -3.8, 1.8
$5.5846, 359.0, 20.0, 0.0, -3.8, 1.7
$5.5977, 0.0, 20.0, 0.0, -3.8, 1.7
$5.5603, 1.0, 20.0, 0.0, -3.8, 1.7
$5.5846, 2.0, 20.0, 0.0, -3.8, 1.8
$5.5815, 3.0, 20.0, 0.0, -3.7, 1.7
$5.5922, 4.0, 20.0, 0.0, -3.8, 1.8
$5.4991, 5.0, 20.0, 0.0, -3.8, 1.8
$5.5387, 6.0, 20.0, 0.0, -3.8, 1.7
$5.5546, 7.0, 20.0, 0.0, -3.8, 1.8
$5.5601, 8.0, 20.0, 0.0, -3.8, 1.8
$5.4687, 9.0, 20.0, 0.0, -3.8, 1.8
$5.4556, 10.0, 20.0, 0.0, -3.9, 1.7
$5.5121, 11.0, 20.0, 0.0, -3.8, 1.6
$5.4646, 12.0, 20.0, 0.0, -3.8, 1.8
$5.4560, 13.0, 20.0, 0.0, -3.8, 1.8
$5.4524, 14.0, 20.0, 0.0, -3.7, 1.8
$5.4530, 15.0, 20.0, 0.0, -3.8, 1.8
$5.4066, 15.0, 21.0, 0.0, -3.8, 1.8
$5.4066, 14.0, 21.0, 0.0, -3.8, 1.8
$5.1947, 13.0, 21.0, 0.0, -3.8, 1.7
$5.2167, 12.0, 21.0, 0.0, -3.8, 1.7
$5.2146, 11.0, 21.0, 0.0, -3.8, 1.6
$5.2146, 10.0, 21.0, 0.0, -3.9, 1.8
$5.2153, 9.0, 21.0, 0.0, -3.8, 1.7
$5.3108, 8.0, 21.0, 0.0, -3.8, 1.7
$5.2097, 7.0, 21.0, 0.0, -3.8, 1.7
$5.2911, 6.0, 21.0, 0.0, -3.8, 1.7
$5.3371, 5.0, 21.0, 0.0, -3.7, 1.7
$5.3371, 4.0, 21.0, 0.0, -3.8, 1.7
$5.3366, 3.0, 21.0, 0.0, -3.9, 1.6
$5.3464, 2.0, 21.0, 0.0, -3.8, 1.7
$5.3446, 1.0, 21.0, 0.0, -3.8, 1.7
$5.3671, 0.0, 21.0, 0.0, -3.8, 1.7
$5.3133, 359.0, 21.0, 0.0, -3.8, 1.7
$5.2528, 358.0, 21.0, 0.0, -3.8, 1.7
$5.3371, 357.0, 21.0, 0.0, -3.7, 1.7
$5.3238, 356.0, 21.0, 0.0, -3.8, 1.7
$5.3296, 355.0, 21.0, 0.0, -3.8, 1.7
$5.3798, 354.0, 21.0, 0.0, -3.8, 1.7
$5.4304, 353.0, 21.0, 0.0, -3.9, 1.7
$5.3296, 352.0, 21.0, 0.0, -3.8, 1.7
$5.3596, 351.0, 21.0, 0.0, -3.8, 1.8
$5.3551, 350.0, 21.0, 0.0, -3.8, 1.7
$5.3777, 349.0, 21.0, 0.0, -3.7, 1.7
$5.3597, 348.0, 21.0, 0.0, -3.7, 1.7
$5.2917, 347.0, 21.0, 0.0, -3.8, 1.7
$5.3221, 346.0, 21.0, 0.0, -3.8, 1.8
$5.3596, 345.0, 21.0, 0.0, -3.7, 1.7
$5.3821, 345.0, 22.0, 0.0, -3.8, 1.7
$5.1646, 346.0, 22.0, 0.0, -3.8, 1.7
$5.0952, 347.0, 22.0, 0.0, -3.8, 1.7
$5.0925, 348.0, 22.0, 0.0, -3.8, 1.8
$5.0821, 349.0, 22.0, 0.0, -3.8, 1.8
$5.1346, 350.0, 22.0, 0.0, -3.8, 1.7
$5.1188, 351.0, 22.0, 0.0, -3.8, 1.8
$5.1346, 352.0, 22.0, 0.0, -3.7, 1.8
$5.0672, 353.0, 22.0, 0.0, -3.8, 1.7
$5.0522, 354.0, 22.0, 0.0, -3.8, 1.7
$5.1013, 355.0, 22.0, 0.0, -3.8, 1.8
$5.0671, 356.0, 22.0, 0.0, -3.8, 1.7
$5.0929, 357.0, 22.0, 0.0, -3.8, 1.7
$5.0446, 358.0, 22.0, 0.0, -3.8, 1.8
$5.0426, 359.0, 22.0, 0.0, -3.8, 1.6
$5.0415, 0.0, 22.0, 0.0, -3.8, 1.6
$5.0940, 1.0, 22.0, 0.0, -3.8, 1.8
$5.0410, 2.0, 22.0, 0.0, -3.8, 1.7
$5.0597, 3.0, 22.0, 0.0, -3.9, 1.7
$5.1432, 4.0, 22.0, 0.0, -3.8, 1.7
$5.0863, 5.0, 22.0, 0.0, -3.7, 1.8
$5.0850, 6.0, 22.0, 0.0, -3.8, 1.8
$5.0836, 7.0, 22.0, 0.0, -3.8, 1.8
$5.0696, 8.0, 22.0, 0.0, -3.8, 1.8
$5.0712, 9.0, 22.0, 0.0, -3.8, 1.7
$5.0435, 10.0, 22.0, 0.0, -3.8, 1.8
$5.0311, 11.0, 22.0, 0.0, -3.8, 1.8
$5.0291, 12.0, 22.0, 0.0, -3.8, 1.7
$5.0671, 13.0, 22.0, 0.0, -3.8, 1.8
$4.9725, 14.0, 22.0, 0.0, -3.8, 1.8
$5.0554, 15.0, 22.0, 0.0, -3.8, 1.7
$5.0387, 15.0, 23.0, 0.0, -3.8, 1.7
$4.8022, 14.0, 23.0, 0.0, -3.8, 1.8
$4.8022, 13.0, 23.0, 0.0, -3.8, 1.7
$4.8438, 12.0, 23.0, 0.0, -3.8, 1.7
$4.8797, 11.0, 23.0, 0.0, -3.8, 1.7
$4.8968, 10.0, 23.0, 0.0, -3.8, 1.7
$4.8871, 9.0, 23.0, 0.0, -3.7, 1.7
$4.8867, 8.0, 23.0, 0.0, -3.8, 1.7
$4.8871, 7.0, 23.0, 0.0, -3.8, 1.7
$4.8738, 6.0, 23.0, 0.0, -3.8, 1.5
$4.8872, 5.0, 23.0, 0.0, -3.8, 1.7
$4.9241, 4.0, 23.0, 0.0, -3.8, 1.6
$4.7816, 3.0, 23.0, 0.0, -3.8, 1.7
$4.7710, 2.0, 23.0, 0.0, -3.7, 1.7
$4.7722, 1.0, 23.0, 0.0, -3.7, 1.7
$4.8493, 0.0, 23.0, 0.0, -3.8, 1.7
$4.8121, 359.0, 23.0, 0.0, -3.9, 1.7
$4.8832, 358.0, 23.0, 0.0, -3.8, 1.7
$4.8046, 357.0, 23.0, 0.0, -3.8, 1.8
$4.9214, 356.0, 23.0, 0.0, -3.8, 1.7
$4.9467, 355.0, 23.0, 0.0, -3.8, 1.7
$4.8346, 354.0, 23.0, 0.0, -3.8, 1.7
$4.8572, 353.0, 23.0, 0.0, -3.8, 1.7
$4.8722, 352.0, 23.0, 0.0, -3.8, 1.7
$4.9096, 351.0, 23.0, 0.0, -3.8, 1.6
$4.8646, 350.0, 23.0, 0.0, -3.8, 1.7
$4.8779, 349.0, 23.0, 0.0, -3.8, 1.7
$4.9020, 348.0, 23.0, 0.0, -3.8, 1.7
$4.9118, 347.0, 23.0, 0.0, -3.8, 1.7
$4.9381, 346.0, 23.0, 0.0, -3.9, 1.7
$4.9942, 345.0, 23.0, 0.0, -3.8, 1.7
$4.9471, 345.0, 24.0, 0.0, -3.8, 1.7
$4.7265, 346.0, 24.0, 0.0, -3.8, 1.7
$4.7198, 347.0, 24.0, 0.0, -3.8, 1.8
$4.6771, 348.0, 24.0, 0.0, -3.7, 1.8
$4.7071, 349.0, 24.0, 0.0, -3.7, 1.8
$4.6997, 350.0, 24.0, 0.0, -3.8, 1.7
$4.6771, 351.0, 24.0, 0.0, -3.7, 1.8
$4.7198, 352.0, 24.0, 0.0, -3.8, 1.7
$4.7202, 353.0, 24.0, 0.0, -3.8, 1.8
$4.7400, 354.0, 24.0, 0.0, -3.7, 1.7
$4.6683, 355.0, 24.0, 0.0, -3.8, 1.8
$4.6383, 356.0, 24.0, 0.0, -3.8, 1.8
$4.6021, 357.0, 24.0, 0.0, -3.8, 1.7
$4.6680, 358.0, 24.0, 0.0, -3.8, 1.7
$4.6643, 359.0, 24.0, 0.0, -3.8, 1.8
$4.6707, 0.0, 24.0, 0.0, -3.9, 1.8
$4.6772, 1.0, 24.0, 0.0, -3.8, 1.8
$4.6472, 2.0, 24.0, 0.0, -3.8, 1.7
$4.6481, 3.0, 24.0, 0.0, -3.6, 1.8
$4.6622, 4.0, 24.0, 0.0, -3.7, 1.7
$4.6846, 5.0, 24.0, 0.0, -3.7, 1.8
$4.6764, 6.0, 24.0, 0.0, -3.8, 1.7
$4.7032, 7.0, 24.0, 0.0, -3.8, 1.7
$4.6795, 8.0, 24.0, 0.0, -3.8, 1.7
$4.6771, 9.0, 24.0, 0.0, -3.7, 1.7
$4.6772, 10.0, 24.0, 0.0, -3.8, 1.7
$4.6973, 11.0, 24.0, 0.0, -3.7, 1.8
$4.7145, 12.0, 24.0, 0.0, -3.8, 1.7
$4.7267, 13.0, 24.0, 0.0, -3.8, 1.7
$4.6824, 14.0, 24.0, 0.0, -3.8, 1.7
$4.6218, 15.0, 24.0, 0.0, -3.8, 1.7
$4.6243, 15.0, 25.0, 0.0, -3.8, 1.8
$4.5139, 14.0, 25.0, 0.0, -3.8, 1.7
$4.5497, 13.0, 25.0, 0.0, -3.8, 1.6
$4.4971, 12.0, 25.0, 0.0, -3.8, 1.7
$4.5733, 11.0, 25.0, 0.0, -3.8, 1.7
$4.5460, 10.0, 25.0, 0.0, -3.9, 1.7
$4.5346, 9.0, 25.0, 0.0, -3.9, 1.7
$4.5346, 8.0, 25.0, 0.0, -3.8, 1.7
$4.4716, 7.0, 25.0, 0.0, -3.8, 1.7
$4.4671, 6.0, 25.0, 0.0, -3.8, 1.7
$4.5122, 5.0, 25.0, 0.0, -3.8, 1.7
$4.5041, 4.0, 25.0, 0.0, -3.8, 1.7
$4.4934, 3.0, 25.0, 0.0, -3.8, 1.7
$4.4822, 2.0, 25.0, 0.0, -3.8, 1.7
$4.4955, 1.0, 25.0, 0.0, -3.8, 1.7
$4.5141, 0.0, 25.0, 0.0, -3.8, 1.7
$4.5257, 359.0, 25.0, 0.0, -3.8, 1.7
$4.4561, 358.0, 25.0, 0.0, -3.8, 1.7
$4.4597, 357.0, 25.0, 0.0, -3.8, 1.7
$4.5046, 356.0, 25.0, 0.0, -3.8, 1.7
$4.4955, 355.0, 25.0, 0.0, -3.8, 1.7
$4.4996, 354.0, 25.0, 0.0, -3.8, 1.7
$4.4926, 353.0, 25.0, 0.0, -3.8, 1.6
$4.4920, 352.0, 25.0, 0.0, -3.8, 1.7
$4.4672, 351.0, 25.0, 0.0, -3.9, 1.7
$4.4858, 350.0, 25.0, 0.0, -3.8, 1.7
$4.5029, 349.0, 25.0, 0.0, -3.8, 1.7
$4.4658, 348.0, 25.0, 0.0, -3.8, 1.7
$4.5046, 347.0, 25.0, 0.0, -3.8, 1.7
$4.4821, 346.0, 25.0, 0.0, -3.8, 1.7
$4.4891, 345.0, 25.0, 0.0, -3.8, 1.7
$4.5422, 345.0, 26.0, 0.0, -3.8, 1.7
$4.3686, 346.0, 26.0, 0.0, -3.8, 1.7
$4.3604, 347.0, 26.0, 0.0, -3.8, 1.7
$4.3558, 348.0, 26.0, 0.0, -3.8, 1.7
$4.3511, 349.0, 26.0, 0.0, -3.8, 1.7
$4.3201, 350.0, 26.0, 0.0, -3.8, 1.7
$4.3471, 351.0, 26.0, 0.0, -3.8, 1.7
$4.3201, 352.0, 26.0, 0.0, -3.8, 1.8
$4.3186, 353.0, 26.0, 0.0, -3.7, 1.7
$4.3455, 354.0, 26.0, 0.0, -3.8, 1.8
$4.3171, 355.0, 26.0, 0.0, -3.7, 1.7
$4.3021, 356.0, 26.0, 0.0, -3.8, 1.7
$4.2942, 357.0, 26.0, 0.0, -3.8, 1.7
$4.2864, 358.0, 26.0, 0.0, -3.8, 1.7
$4.2910, 359.0, 26.0, 0.0, -3.7, 1.7
$4.3216, 0.0, 26.0, 0.0, -3.8, 1.7
$4.3616, 1.0, 26.0, 0.0, -3.8, 1.7
$4.3246, 2.0, 26.0, 0.0, -3.8, 1.8
$4.3736, 3.0, 26.0, 0.0, -3.8, 1.8
$4.3747, 4.0, 26.0, 0.0, -3.7, 1.7
$4.3462, 5.0, 26.0, 0.0, -3.7, 1.7
$4.3471, 6.0, 26.0, 0.0, -3.8, 1.7
$4.3471, 7.0, 26.0, 0.0, -3.8, 1.7
$4.3546, 8.0, 26.0, 0.0, -3.7, 1.8
$4.3306, 9.0, 26.0, 0.0, -3.8, 1.7
$4.3696, 10.0, 26.0, 0.0, -3.8, 1.7
$4.3467, 11.0, 26.0, 0.0, -3.8, 1.7
$4.3246, 12.0, 26.0, 0.0, -3.8, 1.7
$4.3096, 13.0, 26.0, 0.0, -3.8, 1.7
$4.2871, 14.0, 26.0, 0.0, -3.8, 1.7
$4.3081, 15.0, 26.0, 0.0, -3.9, 1.7
$4.3526, 15.0, 27.0, 0.0, -3.8, 1.7
$4.2121, 14.0, 27.0, 0.0, -3.8, 1.7
$4.2304, 13.0, 27.0, 0.0, -3.8, 1.7
$4.1597, 12.0, 27.0, 0.0, -3.8, 1.7
$4.1597, 11.0, 27.0, 0.0, -3.8, 1.6
$4.1596, 10.0, 27.0, 0.0, -3.8, 1.7
$4.1609, 9.0, 27.0, 0.0, -3.8, 1.7
$4.1509, 8.0, 27.0, 0.0, -3.8, 1.7
$4.1664, 7.0, 27.0, 0.0, -3.8, 1.7
$4.2076, 6.0, 27.0, 0.0, -3.8, 1.7
$4.2076, 5.0, 27.0, 0.0, -3.8, 1.7
$4.2076, 4.0, 27.0, 0.0, -4.0, 1.7
$4.2135, 3.0, 27.0, 0.0, -3.8, 1.7
$4.2104, 2.0, 27.0, 0.0, -3.8, 1.6
$4.2646, 1.0, 27.0, 0.0, -3.8, 1.7
$4.1590, 0.0, 27.0, 0.0, -3.8, 1.7
$4.1590, 359.0, 27.0, 0.0, -3.7, 1.6
$4.1790, 358.0, 27.0, 0.0, -3.8, 1.7
$4.1575, 357.0, 27.0, 0.0, -3.9, 1.7
$4.0697, 356.0, 27.0, 0.0, -3.8, 1.7
$4.1356, 355.0, 27.0, 0.0, -3.8, 1.7
$4.1221, 354.0, 27.0, 0.0, -3.8, 1.7
$4.0997, 353.0, 27.0, 0.0, -3.8, 1.7
$4.0997, 352.0, 27.0, 0.0, -3.8, 1.7
$4.1246, 351.0, 27.0, 0.0, -3.8, 1.7
$4.2109, 350.0, 27.0, 0.0, -3.8, 1.7
$4.1561, 349.0, 27.0, 0.0, -3.8, 1.7
$4.1695, 348.0, 27.0, 0.0, -3.8, 1.7
$4.1698, 347.0, 27.0, 0.0, -3.8, 1.7
$4.1971, 346.0, 27.0, 0.0, -3.8, 1.7
$4.1671, 345.0, 27.0, 0.0, -3.8, 1.8
$4.2028, 345.0, 28.0, 0.0, -3.8, 1.7
$4.0846, 346.0, 28.0, 0.0, -3.8, 1.7
$4.0771, 347.0, 28.0, 0.0, -3.7, 1.8
$4.0975, 348.0, 28.0, 0.0, -3.8, 1.7
$4.0546, 349.0, 28.0, 0.0, -3.8, 1.7
$4.0471, 350.0, 28.0, 0.0, -3.8, 1.7
$4.0276, 351.0, 28.0, 0.0, -3.8, 1.7
$3.9946, 352.0, 28.0, 0.0, -3.8, 1.8
$3.9871, 353.0, 28.0, 0.0, -3.8, 1.7
$4.0152, 354.0, 28.0, 0.0, -3.8, 1.6
$3.9991, 355.0, 28.0, 0.0, -3.7, 1.7
$4.0021, 356.0, 28.0, 0.0, -3.8, 1.7
$4.0096, 357.0, 28.0, 0.0, -3.7, 1.7
$4.0222, 358.0, 28.0, 0.0, -3.8, 1.7
$4.0015, 359.0, 28.0, 0.0, -3.8, 1.8
$4.0080, 0.0, 28.0, 0.0, -3.9, 1.7
$4.0193, 1.0, 28.0, 0.0, -3.8, 1.6
$4.0172, 2.0, 28.0, 0.0, -3.8, 1.7
$4.0675, 3.0, 28.0, 0.0, -3.8, 1.7
$4.0363, 4.0, 28.0, 0.0, -3.8, 1.7
$4.0292, 5.0, 28.0, 0.0, -3.8, 1.7
$4.0292, 6.0, 28.0, 0.0, -3.8, 1.8
$4.0522, 7.0, 28.0, 0.0, -3.8, 1.7
$4.0445, 8.0, 28.0, 0.0, -3.8, 1.7
$4.0795, 9.0, 28.0, 0.0, -3.8, 1.7
$4.0446, 10.0, 28.0, 0.0, -3.8, 1.7
$4.0197, 11.0, 28.0, 0.0, -3.7, 1.7
$3.9986, 12.0, 28.0, 0.0, -3.8, 1.7
$3.9860, 13.0, 28.0, 0.0, -3.8, 1.7
$4.0172, 14.0, 28.0, 0.0, -3.8, 1.8
$4.0021, 15.0, 28.0, 0.0, -3.8, 1.7
$4.0067, 15.0, 29.0, 0.0, -3.8, 1.7
$3.8671, 14.0, 29.0, 0.0, -3.8, 1.7
$3.8739, 13.0, 29.0, 0.0, -3.8, 1.7
$3.8864, 12.0, 29.0, 0.0, -3.8, 1.7
$3.9196, 11.0, 29.0, 0.0, -3.8, 1.7
$3.9181, 10.0, 29.0, 0.0, -3.8, 1.7
$3.9020, 9.0, 29.0, 0.0, -3.8, 1.7
$3.8991, 8.0, 29.0, 0.0, -3.8, 1.7
$3.9421, 7.0, 29.0, 0.0, -3.8, 1.6
$3.9496, 6.0, 29.0, 0.0, -3.8, 1.7
$3.9422, 5.0, 29.0, 0.0, -3.8, 1.7
$3.9272, 4.0, 29.0, 0.0, -3.8, 1.7
$3.9420, 3.0, 29.0, 0.0, -3.7, 1.7
$3.8971, 2.0, 29.0, 0.0, -3.8, 1.7
$3.8971, 1.0, 29.0, 0.0, -3.8, 1.7
$3.9018, 0.0, 29.0, 0.0, -3.8, 1.6
$3.9018, 359.0, 29.0, 0.0, -3.8, 1.6
$3.9046, 358.0, 29.0, 0.0, -3.8, 1.7
$3.8747, 357.0, 29.0, 0.0, -3.8, 1.7
$3.9329, 356.0, 29.0, 0.0, -3.8, 1.7
$3.9272, 355.0, 29.0, 0.0, -3.8, 1.7
$3.8568, 354.0, 29.0, 0.0, -3.8, 1.7
$3.8575, 353.0, 29.0, 0.0, -3.8, 1.7
$3.8446, 352.0, 29.0, 0.0, -3.7, 1.7
$3.8776, 351.0, 29.0, 0.0, -3.8, 1.7
$3.8776, 350.0, 29.0, 0.0, -3.7, 1.6
$3.8776, 349.0, 29.0, 0.0, -3.8, 1.7
$3.8955, 348.0, 29.0, 0.0, -3.8, 1.7
$3.9122, 347.0, 29.0, 0.0, -3.8, 1.7
$3.9046, 346.0, 29.0, 0.0, -3.8, 1.7
$3.8859, 345.0, 29.0, 0.0, -3.8, 1.7
$3.8897, 345.0, 30.0, 0.0, -3.9, 1.7
$3.7772, 346.0, 30.0, 0.0, -3.8, 1.7
$3.8210, 347.0, 30.0, 0.0, -3.8, 1.7
$3.7789, 348.0, 30.0, 0.0, -3.8, 1.8
$3.7530, 349.0, 30.0, 0.0, -3.8, 1.7
$3.7731, 350.0, 30.0, 0.0, -3.9, 1.8
$3.7696, 351.0, 30.0, 0.0, -3.9, 1.7
$3.7500, 352.0, 30.0, 0.0, -3.9, 1.7
$3.7604, 353.0, 30.0, 0.0, -3.8, 2.0
$3.7564, 354.0, 30.0, 0.0, -3.8, 1.7
$3.7364, 355.0, 30.0, 0.0, -3.8, 1.7
$3.7366, 356.0, 30.0, 0.0, -3.8, 1.7
$3.7356, 357.0, 30.0, 0.0, -3.8, 1.6
$3.7438, 358.0, 30.0, 0.0, -3.8, 1.8
$3.7781, 359.0, 30.0, 0.0, -3.8, 1.7
$3.7673, 0.0, 30.0, 0.0, -3.8, 1.7
$3.7613, 1.0, 30.0, 0.0, -3.8, 1.7
$3.7547, 2.0, 30.0, 0.0, -3.8, 1.7
$3.7589, 3.0, 30.0, 0.0, -3.8, 1.8
$3.7697, 4.0, 30.0, 0.0, -3.8, 1.7
$3.7787, 5.0, 30.0, 0.0, -3.8, 1.8
$3.7546, 6.0, 30.0, 0.0, -3.8, 1.8
$3.7811, 7.0, 30.0, 0.0, -3.8, 1.7
$3.7811, 8.0, 30.0, 0.0, -3.8, 1.7
$3.8275, 9.0, 30.0, 0.0, -3.8, 1.7
$3.7724, 10.0, 30.0, 0.0, -3.8, 1.7
$3.7716, 11.0, 30.0, 0.0, -3.8, 1.8
$3.7846, 12.0, 30.0, 0.0, -3.8, 1.7
$3.8499, 13.0, 30.0, 0.0, -3.7, 1.7
$3.8285, 14.0, 30.0, 0.0, -3.7, 1.8
$3.7846, 15.0, 30.0, 0.0, -3.7, 1.7
$3.7837, 15.0, 31.0, 0.0, -3.8, 1.7
$3.6847, 14.0, 31.0, 0.0, -3.8, 1.8
$3.6854, 13.0, 31.0, 0.0, -3.8, 1.7
$3.6854, 12.0, 31.0, 0.0, -3.8, 1.7
$3.6539, 11.0, 31.0, 0.0, -3.8, 1.7
$3.6633, 10.0, 31.0, 0.0, -3.7, 1.7
$3.6543, 9.0, 31.0, 0.0, -3.8, 1.6
$3.6496, 8.0, 31.0, 0.0, -3.8, 1.7
$3.6367, 7.0, 31.0, 0.0, -3.8, 1.7
$3.6461, 6.0, 31.0, 0.0, -3.8, 1.7
$3.6646, 5.0, 31.0, 0.0, -3.8, 1.7
$3.6496, 4.0, 31.0, 0.0, -3.7, 1.7
$3.6497, 3.0, 31.0, 0.0, -3.8, 1.6
$3.6346, 2.0, 31.0, 0.0, -3.8, 1.7
$3.6166, 1.0, 31.0, 0.0, -3.8, 1.7
$3.6196, 0.0, 31.0, 0.0, -3.8, 1.7
$3.6718, 359.0, 31.0, 0.0, -3.8, 1.7

