$9.5821, 3.0, 0.0, 0.0, -4.0, 3.3
$9.7048, 4.0, 0.0, 0.0, -4.0, 3.3
$18.8597, 5.0, 0.0, 0.0, -4.0, 3.2
$19.1218, 6.0, 0.0, 0.0, -4.0, 3.3
$18.3701, 7.0, 0.0, 0.0, -4.0, 3.3
$18.1022, 8.0, 0.0, 0.0, -4.0, 3.3
$17.9821, 9.0, 0.0, 0.0, -4.0, 3.2
$17.3553, 10.0, 0.0, 0.0, -4.0, 3.3
$16.5346, 11.0, 0.0, 0.0, -4.0, 3.2
$16.2646, 12.0, 0.0, 0.0, -4.0, 3.2
$15.7536, 13.0, 0.0, 0.0, -4.0, 3.2
$15.6937, 14.0, 0.0, 0.0, -4.0, 3.2
$15.1983, 15.0, 0.0, 0.0, -4.0, 3.3
$14.7122, 15.0, 1.0, 0.0, -4.0, 3.3
$14.0446, 14.0, 1.0, 0.0, -4.0, 3.3
$14.1153, 13.0, 1.0, 0.0, -4.0, 3.2
$14.7643, 12.0, 1.0, 0.0, -4.0, 3.2
$15.0510, 11.0, 1.0, 0.0, -4.0, 3.3
$15.0617, 10.0, 1.0, 0.0, -4.0, 3.3
$15.3646, 9.0, 1.0, 0.0, -4.0, 3.2
$15.3646, 8.0, 1.0, 0.0, -4.0, 3.3
$16.0322, 7.0, 1.0, 0.0, -4.0, 3.3
$16.7914, 6.0, 1.0, 0.0, -4.0, 3.1
$17.5444, 5.0, 1.0, 0.0, -4.0, 3.2
$17.7474, 4.0, 1.0, 0.0, -4.0, 3.3
$17.7474, 3.0, 1.0, 0.0, -4.0, 3.3
$9.7463, 2.0, 1.0, 0.0, -4.0, 3.3
$9.6122, 1.0, 1.0, 0.0, -4.0, 3.3
$9.5937, 0.0, 1.0, 0.0, -4.0, 3.3
$9.5954, 359.0, 1.0, 0.0, -4.0, 3.3
$9.6196, 358.0, 1.0, 0.0, -4.1, 3.2
$9.6196, 357.0, 1.0, 0.0, -4.0, 3.2
$15.5038, 356.0, 1.0, 0.0, -4.0, 3.2
$15.4666, 355.0, 1.0, 0.0, -4.0, 3.2
$15.4666, 354.0, 1.0, 0.0, -4.0, 3.3
$15.4641, 353.0, 1.0, 0.0, -4.0, 3.3
$15.4996, 352.0, 1.0, 0.0, -4.0, 3.3
$15.4985, 351.0, 1.0, 0.0, -4.0, 3.3
$22.5326, 350.0, 1.0, 0.0, -4.0, 3.3
$22.5271, 349.0, 1.0, 0.0, -4.0, 3.3
$22.5271, 348.0, 1.0, 0.0, -4.0, 3.2
$22.5271, 347.0, 1.0, 0.0, -4.0, 3.2
$22.5306, 346.0, 1.0, 0.0, -4.0, 3.2
$22.5288, 345.0, 1.0, 0.0, -4.1, 3.3
$22.5271, 345.0, 2.0, 0.0, -4.0, 3.2
$22.5272, 346.0, 2.0, 0.0, -4.0, 3.2
$22.5347, 347.0, 2.0, 0.0, -4.0, 3.3
$22.5295, 348.0, 2.0, 0.0, -4.0, 3.3
$22.5323, 349.0, 2.0, 0.0, -4.0, 3.3
$22.5310, 350.0, 2.0, 0.0, -4.0, 3.2
$22.5271, 351.0, 2.0, 0.0, -4.0, 3.3
$22.5272, 352.0, 2.0, 0.0, -4.0, 3.2
$22.5298, 353.0, 2.0, 0.0, -4.0, 3.4
$15.5431, 354.0, 2.0, 0.0, -4.0, 3.3
$15.4695, 355.0, 2.0, 0.0, -4.0, 3.2
$15.4627, 356.0, 2.0, 0.0, -4.0, 3.2
$15.4680, 357.0, 2.0, 0.0, -4.0, 3.3
$15.4993, 358.0, 2.0, 0.0, -4.0, 3.3
$9.6433, 359.0, 2.0, 0.0, -4.0, 3.3
$9.6344, 0.0, 2.0, 0.0, -4.0, 3.3
$9.6036, 1.0, 2.0, 0.0, -4.0, 3.2
$9.6092, 2.0, 2.0, 0.0, -4.0, 3.3
$9.6223, 3.0, 2.0, 0.0, -4.0, 3.2
$9.6497, 4.0, 2.0, 0.0, -4.0, 3.3
$17.3554, 5.0, 2.0, 0.0, -4.0, 3.3
$17.1122, 6.0, 2.0, 0.0, -4.0, 3.3
$16.8196, 7.0, 2.0, 0.0, -4.0, 3.2
$16.0013, 8.0, 2.0, 0.0, -4.0, 3.3
$15.3946, 9.0, 2.0, 0.0, -4.0, 3.2
$15.3946, 10.0, 2.0, 0.0, -4.0, 3.2
$14.9797, 11.0, 2.0, 0.0, -4.0, 3.2
$14.8621, 12.0, 2.0, 0.0, -4.0, 3.2
$14.2018, 13.0, 2.0, 0.0, -4.0, 3.2
$14.0561, 14.0, 2.0, 0.0, -4.0, 3.3
$13.3895, 15.0, 2.0, 0.0, -4.0, 3.3
$13.3392, 15.0, 3.0, 0.0, -4.0, 3.2
$12.4556, 14.0, 3.0, 0.0, -4.0, 3.2
$13.2917, 13.0, 3.0, 0.0, -4.0, 3.4
$13.2751, 12.0, 3.0, 0.0, -4.0, 3.3
$13.7371, 11.0, 3.0, 0.0, -4.0, 3.3
$13.8046, 10.0, 3.0, 0.0, -4.0, 3.1
$14.0447, 9.0, 3.0, 0.0, -4.0, 3.3
$14.5097, 8.0, 3.0, 0.0, -4.0, 3.3
$14.9521, 7.0, 3.0, 0.0, -4.0, 3.3
$15.2573, 6.0, 3.0, 0.0, -4.0, 3.3
$15.3626, 5.0, 3.0, 0.0, -4.0, 3.2
$15.8746, 4.0, 3.0, 0.0, -3.8, 3.2
$16.5080, 3.0, 3.0, 0.0, -4.0, 3.3
$9.7686, 2.0, 3.0, 0.0, -4.0, 3.2
$9.6308, 1.0, 3.0, 0.0, -4.0, 3.2
$9.6122, 0.0, 3.0, 0.0, -4.0, 3.3
$9.6186, 359.0, 3.0, 0.0, -3.9, 3.3
$9.6295, 358.0, 3.0, 0.0, -4.0, 3.2
$9.6537, 357.0, 3.0, 0.0, -4.0, 3.3
$15.6738, 356.0, 3.0, 0.0, -3.9, 3.3
$15.4686, 355.0, 3.0, 0.0, -4.0, 3.2
$15.4602, 354.0, 3.0, 0.0, -4.0, 3.2
$15.4676, 353.0, 3.0, 0.0, -4.0, 3.3
$15.5295, 352.0, 3.0, 0.0, -4.0, 3.3
$22.5347, 351.0, 3.0, 0.0, -4.0, 3.2
$22.5272, 350.0, 3.0, 0.0, -4.0, 3.3
$22.5299, 349.0, 3.0, 0.0, -4.0, 3.3
$22.5346, 348.0, 3.0, 0.0, -4.0, 3.2
$22.5271, 347.0, 3.0, 0.0, -4.0, 3.3
$22.5271, 346.0, 3.0, 0.0, -4.0, 3.3
$23.5808, 345.0, 3.0, 0.0, -4.0, 3.2
$25.5228, 345.0, 4.0, 0.0, -4.0, 3.2
$4.7071, 346.0, 4.0, 0.0, -4.0, 3.3
$4.7043, 347.0, 4.0, 0.0, -4.0, 3.3
$4.7043, 348.0, 4.0, 0.0, -4.0, 3.3
$23.5694, 349.0, 4.0, 0.0, -4.0, 3.3
$22.5272, 350.0, 4.0, 0.0, -4.0, 3.3
$22.5293, 351.0, 4.0, 0.0, -4.0, 3.3
$22.5313, 352.0, 4.0, 0.0, -4.0, 3.3
$22.5346, 353.0, 4.0, 0.0, -4.0, 3.2
$15.4922, 354.0, 4.0, 0.0, -4.0, 3.3
$15.4685, 355.0, 4.0, 0.0, -4.0, 3.3
$15.4675, 356.0, 4.0, 0.0, -4.0, 3.3
$15.4686, 357.0, 4.0, 0.0, -4.0, 3.3
$15.5714, 358.0, 4.0, 0.0, -4.0, 3.3
$9.6538, 359.0, 4.0, 0.0, -4.0, 3.3
$9.6392, 0.0, 4.0, 0.0, -4.0, 3.3
$9.6232, 1.0, 4.0, 0.0, -4.0, 3.3
$9.6150, 2.0, 4.0, 0.0, -4.0, 3.3
$9.6319, 3.0, 4.0, 0.0, -4.0, 3.3
$9.7460, 4.0, 4.0, 0.0, -4.0, 3.3
$9.7460, 5.0, 4.0, 0.0, -4.0, 3.3
$15.3736, 6.0, 4.0, 0.0, -4.0, 3.3
$15.1132, 7.0, 4.0, 0.0, -4.0, 3.3
$14.7385, 8.0, 4.0, 0.0, -4.0, 3.3
$14.0955, 9.0, 4.0, 0.0, -4.0, 3.3
$13.9836, 10.0, 4.0, 0.0, -4.0, 3.3
$13.6321, 11.0, 4.0, 0.0, -4.0, 3.3
$13.3522, 12.0, 4.0, 0.0, -4.0, 3.2
$12.9298, 13.0, 4.0, 0.0, -4.0, 3.3
$12.6066, 14.0, 4.0, 0.0, -4.0, 3.2
$12.4570, 15.0, 4.0, 0.0, -4.0, 3.3
$12.0105, 15.0, 5.0, 0.0, -4.0, 3.3
$11.6293, 14.0, 5.0, 0.0, -4.0, 3.2
$11.8139, 13.0, 5.0, 0.0, -4.0, 3.3
$11.8760, 12.0, 5.0, 0.0, -4.0, 3.3
$12.3967, 11.0, 5.0, 0.0, -4.0, 3.2
$12.3978, 10.0, 5.0, 0.0, -4.0, 3.3
$13.0435, 9.0, 5.0, 0.0, -4.0, 3.3
$13.0519, 8.0, 5.0, 0.0, -4.0, 3.2
$13.3505, 7.0, 5.0, 0.0, -4.0, 3.2
$13.6496, 6.0, 5.0, 0.0, -4.0, 3.3
$13.6585, 5.0, 5.0, 0.0, -4.0, 3.2
$14.2294, 4.0, 5.0, 0.0, -4.0, 3.3
$14.2321, 3.0, 5.0, 0.0, -4.0, 3.3
$9.6796, 2.0, 5.0, 0.0, -4.0, 3.3
$9.6572, 1.0, 5.0, 0.0, -4.0, 3.3
$9.6295, 0.0, 5.0, 0.0, -4.0, 3.2
$9.6276, 359.0, 5.0, 0.0, -4.0, 3.6
$9.6401, 358.0, 5.0, 0.0, -4.1, 3.3
$9.6669, 357.0, 5.0, 0.0, -4.0, 3.3
$15.7172, 356.0, 5.0, 0.0, -4.0, 3.3
$15.4771, 355.0, 5.0, 0.0, -4.0, 3.3
$15.4693, 354.0, 5.0, 0.0, -4.0, 3.3
$15.4703, 353.0, 5.0, 0.0, -4.0, 3.3
$15.5507, 352.0, 5.0, 0.0, -4.0, 3.3
$22.5299, 351.0, 5.0, 0.0, -4.0, 3.3
$22.5299, 350.0, 5.0, 0.0, -4.0, 3.2
$22.5297, 349.0, 5.0, 0.0, -4.0, 3.3
$22.5347, 348.0, 5.0, 0.0, -4.0, 3.3
$22.5334, 347.0, 5.0, 0.0, -4.0, 3.2
$22.5325, 346.0, 5.0, 0.0, -4.0, 3.3
$22.5346, 345.0, 5.0, 0.0, -4.0, 3.3
$23.9897, 345.0, 6.0, 0.0, -4.0, 3.3
$21.5424, 346.0, 6.0, 0.0, -4.0, 3.3
$21.5434, 347.0, 6.0, 0.0, -4.0, 3.3
$21.7791, 348.0, 6.0, 0.0, -4.0, 3.3
$20.2004, 349.0, 6.0, 0.0, -4.0, 3.3
$20.1871, 350.0, 6.0, 0.0, -4.0, 3.3
$19.7488, 351.0, 6.0, 0.0, -4.0, 3.3
$18.9443, 352.0, 6.0, 0.0, -4.0, 3.3
$18.9443, 353.0, 6.0, 0.0, -4.0, 3.3
$15.6347, 354.0, 6.0, 0.0, -4.0, 3.2
$15.4873, 355.0, 6.0, 0.0, -4.0, 3.3
$15.4784, 356.0, 6.0, 0.0, -4.0, 3.3
$15.4921, 357.0, 6.0, 0.0, -4.0, 3.3
$16.4322, 358.0, 6.0, 0.0, -4.0, 3.3
$9.7287, 359.0, 6.0, 0.0, -4.0, 3.3
$9.6667, 0.0, 6.0, 0.0, -4.0, 3.3
$9.6426, 1.0, 6.0, 0.0, -4.0, 3.3
$9.6421, 2.0, 6.0, 0.0, -4.0, 3.3
$9.6523, 3.0, 6.0, 0.0, -4.0, 3.2
$9.7725, 4.0, 6.0, 0.0, -4.0, 3.2
$13.9576, 5.0, 6.0, 0.0, -4.0, 3.3
$13.9576, 6.0, 6.0, 0.0, -4.0, 3.3
$13.9576, 7.0, 6.0, 0.0, -4.0, 3.3
$12.9196, 8.0, 6.0, 0.0, -4.0, 3.3
$12.6030, 9.0, 6.0, 0.0, -4.0, 3.3
$12.3165, 10.0, 6.0, 0.0, -4.0, 3.3
$12.2596, 11.0, 6.0, 0.0, -4.0, 3.3
$12.0750, 12.0, 6.0, 0.0, -4.0, 3.2
$11.7346, 13.0, 6.0, 0.0, -4.0, 3.3
$11.2902, 14.0, 6.0, 0.0, -4.0, 3.3
$11.2275, 15.0, 6.0, 0.0, -4.0, 3.3
$11.1161, 15.0, 7.0, 0.0, -4.0, 3.2
$11.0141, 14.0, 7.0, 0.0, -4.0, 3.3
$11.0747, 13.0, 7.0, 0.0, -4.0, 3.3
$11.0747, 12.0, 7.0, 0.0, -4.0, 3.2
$11.2901, 11.0, 7.0, 0.0, -4.0, 3.2
$11.2772, 10.0, 7.0, 0.0, -4.0, 3.2
$11.8197, 9.0, 7.0, 0.0, -4.0, 3.2
$12.0272, 8.0, 7.0, 0.0, -4.0, 3.2
$12.2746, 7.0, 7.0, 0.0, -4.0, 3.2
$12.5035, 6.0, 7.0, 0.0, -4.0, 3.2
$12.7077, 5.0, 7.0, 0.0, -4.0, 3.3
$13.2721, 4.0, 7.0, 0.0, -4.0, 3.0
$13.3362, 3.0, 7.0, 0.0, -4.0, 3.2
$9.8071, 2.0, 7.0, 0.0, -3.6, 3.3
$9.6889, 1.0, 7.0, 0.0, -4.0, 3.3
$9.6541, 0.0, 7.0, 0.0, -4.0, 3.3
$9.6524, 359.0, 7.0, 0.0, -4.0, 3.2
$9.6562, 358.0, 7.0, 0.0, -4.1, 3.3
$9.6562, 357.0, 7.0, 0.0, -4.0, 3.3
$15.9892, 356.0, 7.0, 0.0, -4.0, 3.3
$15.5623, 355.0, 7.0, 0.0, -4.0, 3.3
$15.4955, 354.0, 7.0, 0.0, -4.0, 3.3
$15.5175, 353.0, 7.0, 0.0, -4.0, 3.5
$16.4353, 352.0, 7.0, 0.0, -4.0, 3.3
$16.5272, 351.0, 7.0, 0.0, -4.0, 3.3
$17.0507, 350.0, 7.0, 0.0, -4.0, 3.2
$17.0769, 349.0, 7.0, 0.0, -4.0, 3.3
$7.7110, 348.0, 7.0, 0.0, -4.0, 3.3
$16.2647, 347.0, 7.0, 0.0, -4.0, 3.2
$16.2552, 346.0, 7.0, 0.0, -4.0, 3.3
$17.8171, 345.0, 7.0, 0.0, -4.0, 3.3
$16.8721, 345.0, 8.0, 0.0, -4.0, 3.3
$14.6191, 346.0, 8.0, 0.0, -4.0, 3.3
$14.6544, 347.0, 8.0, 0.0, -4.0, 3.3
$15.2672, 348.0, 8.0, 0.0, -4.0, 3.3
$15.2521, 349.0, 8.0, 0.0, -4.0, 3.3
$14.7776, 350.0, 8.0, 0.0, -4.0, 3.3
$15.0601, 351.0, 8.0, 0.0, -4.0, 3.2
$15.0571, 352.0, 8.0, 0.0, -4.0, 3.3
$15.0568, 353.0, 8.0, 0.0, -4.0, 3.3
$15.0646, 354.0, 8.0, 0.0, -4.0, 3.3
$15.5622, 355.0, 8.0, 0.0, -4.0, 3.2
$14.2423, 356.0, 8.0, 0.0, -4.0, 3.3
$15.2790, 357.0, 8.0, 0.0, -4.0, 3.3
$15.2839, 358.0, 8.0, 0.0, -4.0, 3.2
$9.7681, 359.0, 8.0, 0.0, -4.0, 3.3
$9.6745, 0.0, 8.0, 0.0, -4.0, 3.3
$9.6745, 1.0, 8.0, 0.0, -4.0, 3.3
$9.6643, 2.0, 8.0, 0.0, -4.0, 3.3
$9.7000, 3.0, 8.0, 0.0, -4.0, 3.2
$9.8477, 4.0, 8.0, 0.0, -4.0, 3.3
$12.4430, 5.0, 8.0, 0.0, -4.0, 3.3
$12.4992, 6.0, 8.0, 0.0, -4.1, 3.3
$12.2821, 7.0, 8.0, 0.0, -4.0, 3.3
$11.8706, 8.0, 8.0, 0.0, -4.0, 3.3
$11.6585, 9.0, 8.0, 0.0, -4.0, 3.3
$11.6585, 10.0, 8.0, 0.0, -4.0, 3.2
$11.5621, 11.0, 8.0, 0.0, -4.0, 3.3
$11.1316, 12.0, 8.0, 0.0, -4.0, 3.3
$10.6387, 13.0, 8.0, 0.0, -4.0, 3.2
$8.4422, 14.0, 8.0, 0.0, -4.0, 3.3
$10.3847, 15.0, 8.0, 0.0, -4.0, 3.3
$10.2722, 15.0, 9.0, 0.0, -4.0, 3.2
$9.8724, 14.0, 9.0, 0.0, -4.0, 3.2
$9.9046, 13.0, 9.0, 0.0, -4.0, 3.3
$10.1567, 12.0, 9.0, 0.0, -4.0, 3.3
$10.5121, 11.0, 9.0, 0.0, -4.0, 3.3
$10.5665, 10.0, 9.0, 0.0, -4.0, 3.3
$10.6171, 9.0, 9.0, 0.0, -4.0, 3.2
$11.0593, 8.0, 9.0, 0.0, -4.0, 3.3
$11.1145, 7.0, 9.0, 0.0, -4.0, 3.1
$11.3897, 6.0, 9.0, 0.0, -4.0, 3.3
$11.4945, 5.0, 9.0, 0.0, -4.0, 3.2
$11.7347, 4.0, 9.0, 0.0, -4.0, 3.3
$11.9072, 3.0, 9.0, 0.0, -4.0, 3.2
$12.4425, 2.0, 9.0, 0.0, -4.0, 3.3
$9.7544, 1.0, 9.0, 0.0, -4.0, 3.3
$9.6969, 0.0, 9.0, 0.0, -4.0, 3.2
$9.6969, 359.0, 9.0, 0.0, -4.0, 3.3
$9.7148, 358.0, 9.0, 0.0, -4.0, 3.2
$9.7472, 357.0, 9.0, 0.0, -4.0, 3.3
$12.6557, 356.0, 9.0, 0.0, -4.0, 3.3
$13.4881, 355.0, 9.0, 0.0, -4.0, 3.2
$11.6850, 354.0, 9.0, 0.0, -4.0, 3.3
$12.6182, 353.0, 9.0, 0.0, -4.0, 3.3
$12.6272, 352.0, 9.0, 0.0, -4.0, 3.3
$22.5329, 351.0, 9.0, 0.0, -4.0, 3.2
$12.0183, 350.0, 9.0, 0.0, -4.0, 3.3
$12.1247, 349.0, 9.0, 0.0, -4.0, 3.2
$12.5130, 348.0, 9.0, 0.0, -4.0, 3.3
$12.2168, 347.0, 9.0, 0.0, -4.0, 3.2
$12.0707, 346.0, 9.0, 0.0, -4.0, 3.2
$12.0707, 345.0, 9.0, 0.0, -4.0, 3.3
$11.8921, 345.0, 10.0, 0.0, -4.0, 3.2
$10.7896, 346.0, 10.0, 0.0, -4.0, 3.2
$10.7822, 347.0, 10.0, 0.0, -4.0, 3.3
$10.6471, 348.0, 10.0, 0.0, -4.0, 3.3
$10.6171, 349.0, 10.0, 0.0, -4.0, 3.2
$10.6172, 350.0, 10.0, 0.0, -4.0, 3.3
$10.8120, 351.0, 10.0, 0.0, -4.0, 3.3
$10.6537, 352.0, 10.0, 0.0, -4.0, 3.3
$10.4583, 353.0, 10.0, 0.0, -4.0, 3.3
$11.1571, 354.0, 10.0, 0.0, -4.0, 3.3
$11.0071, 355.0, 10.0, 0.0, -4.0, 3.3
$10.9944, 356.0, 10.0, 0.0, -4.0, 3.3
$10.8220, 357.0, 10.0, 0.0, -4.0, 3.3
$10.8927, 358.0, 10.0, 0.0, -4.0, 3.2
$10.5647, 359.0, 10.0, 0.0, -4.0, 3.2
$9.7696, 0.0, 10.0, 0.0, -4.0, 3.3
$9.7246, 1.0, 10.0, 0.0, -4.0, 3.3
$9.7272, 2.0, 10.0, 0.0, -4.0, 3.3
$9.7368, 3.0, 10.0, 0.0, -4.0, 3.3
$9.7368, 4.0, 10.0, 0.0, -4.0, 3.1
$10.6546, 5.0, 10.0, 0.0, -4.0, 3.3
$10.6622, 6.0, 10.0, 0.0, -4.0, 3.3
$10.7085, 7.0, 10.0, 0.0, -4.0, 3.2
$10.6207, 8.0, 10.0, 0.0, -4.0, 3.3
$10.4589, 9.0, 10.0, 0.0, -3.8, 3.3
$10.1747, 10.0, 10.0, 0.0, -4.0, 3.3
$10.1671, 11.0, 10.0, 0.0, -4.0, 3.3
$10.1371, 12.0, 10.0, 0.0, -4.0, 3.3
$9.8221, 13.0, 10.0, 0.0, -4.0, 3.3
$9.7576, 14.0, 10.0, 0.0, -4.0, 3.3
$9.7542, 15.0, 10.0, 0.0, -4.0, 3.2
$9.5439, 15.0, 11.0, 0.0, -4.0, 3.2
$8.9880, 14.0, 11.0, 0.0, -4.0, 3.3
$9.2491, 13.0, 11.0, 0.0, -4.0, 3.2
$9.2437, 12.0, 11.0, 0.0, -4.0, 3.2
$9.2400, 11.0, 11.0, 0.0, -3.9, 3.2
$9.3721, 10.0, 11.0, 0.0, -4.0, 3.2
$9.3721, 9.0, 11.0, 0.0, -4.0, 3.3
$9.2896, 8.0, 11.0, 0.0, -4.0, 3.2
$9.7521, 7.0, 11.0, 0.0, -4.0, 3.2
$9.9421, 6.0, 11.0, 0.0, -4.0, 3.2
$9.7388, 5.0, 11.0, 0.0, -4.0, 3.3
$10.0247, 4.0, 11.0, 0.0, -4.0, 3.3
$9.7022, 3.0, 11.0, 0.0, -4.0, 3.3
$10.1671, 2.0, 11.0, 0.0, -4.0, 3.3
$10.0013, 1.0, 11.0, 0.0, -4.0, 3.2
$9.7793, 0.0, 11.0, 0.0, -4.0, 3.3
$9.7683, 359.0, 11.0, 0.0, -4.0, 3.2
$9.7697, 358.0, 11.0, 0.0, -4.0, 3.3
$9.9747, 357.0, 11.0, 0.0, -4.0, 3.3
$9.9529, 356.0, 11.0, 0.0, -4.0, 3.2
$9.8105, 355.0, 11.0, 0.0, -4.0, 3.2
$9.7996, 354.0, 11.0, 0.0, -4.0, 3.3
$9.8746, 353.0, 11.0, 0.0, -4.0, 3.3
$9.8806, 352.0, 11.0, 0.0, -4.0, 3.2
$9.7622, 351.0, 11.0, 0.0, -4.0, 3.3
$9.7531, 350.0, 11.0, 0.0, -4.0, 3.2
$10.0918, 349.0, 11.0, 0.0, -4.0, 3.2
$9.8933, 348.0, 11.0, 0.0, -4.0, 3.2
$9.8920, 347.0, 11.0, 0.0, -4.0, 3.3
$9.9272, 346.0, 11.0, 0.0, -4.2, 3.1
$9.8221, 345.0, 11.0, 0.0, -4.0, 3.3
$9.8147, 345.0, 12.0, 0.0, -4.0, 3.2
$9.1296, 346.0, 12.0, 0.0, -4.0, 3.3
$9.1520, 347.0, 12.0, 0.0, -4.0, 3.3
$9.1021, 348.0, 12.0, 0.0, -4.0, 3.3
$8.7160, 349.0, 12.0, 0.0, -4.0, 3.3
$8.9789, 350.0, 12.0, 0.0, -4.0, 3.3
$8.9789, 351.0, 12.0, 0.0, -4.0, 3.3
$9.1921, 352.0, 12.0, 0.0, -4.0, 3.3
$9.0497, 353.0, 12.0, 0.0, -4.0, 3.3
$9.0871, 354.0, 12.0, 0.0, -4.0, 3.3
$8.9698, 355.0, 12.0, 0.0, -4.0, 3.3
$8.9784, 356.0, 12.0, 0.0, -4.0, 3.2
$9.0946, 357.0, 12.0, 0.0, -4.0, 3.2
$8.7372, 358.0, 12.0, 0.0, -4.0, 3.2
$8.8696, 359.0, 12.0, 0.0, -4.0, 3.3
$8.8742, 0.0, 12.0, 0.0, -4.0, 3.3
$8.7856, 1.0, 12.0, 0.0, -4.0, 3.3
$9.1542, 2.0, 12.0, 0.0, -4.0, 3.3
$9.1596, 3.0, 12.0, 0.0, -4.0, 3.3
$9.1608, 4.0, 12.0, 0.0, -4.0, 3.3
$8.9747, 5.0, 12.0, 0.0, -4.0, 3.3
$9.0466, 6.0, 12.0, 0.0, -4.1, 3.3
$9.0689, 7.0, 12.0, 0.0, -4.0, 3.3
$9.0517, 8.0, 12.0, 0.0, -4.0, 3.3
$8.9356, 9.0, 12.0, 0.0, -4.0, 3.3
$8.8655, 10.0, 12.0, 0.0, -4.0, 3.3
$8.8797, 11.0, 12.0, 0.0, -4.0, 3.3
$8.7549, 12.0, 12.0, 0.0, -4.0, 3.2
$8.7421, 13.0, 12.0, 0.0, -4.0, 3.3
$8.6696, 14.0, 12.0, 0.0, -4.0, 3.2
$8.6742, 15.0, 12.0, 0.0, -4.0, 3.3
$8.6565, 15.0, 13.0, 0.0, -4.0, 3.3
$8.3446, 14.0, 13.0, 0.0, -4.0, 3.2
$8.1322, 13.0, 13.0, 0.0, -4.0, 3.2
$7.9505, 12.0, 13.0, 0.0, -4.0, 3.2
$8.2290, 11.0, 13.0, 0.0, -4.0, 3.3
$8.1548, 10.0, 13.0, 0.0, -4.0, 3.3
$8.2894, 9.0, 13.0, 0.0, -4.0, 3.3
$8.3019, 8.0, 13.0, 0.0, -4.0, 3.2
$8.1621, 7.0, 13.0, 0.0, -4.0, 3.3
$7.7218, 6.0, 13.0, 0.0, -4.0, 3.3
$8.3218, 5.0, 13.0, 0.0, -4.0, 3.2
$8.2017, 4.0, 13.0, 0.0, -4.0, 3.3
$8.2000, 3.0, 13.0, 0.0, -4.0, 3.3
$8.2471, 2.0, 13.0, 0.0, -4.1, 3.2
$8.3371, 1.0, 13.0, 0.0, -4.0, 3.2
$8.1552, 0.0, 13.0, 0.0, -4.0, 3.3
$8.3044, 359.0, 13.0, 0.0, -4.0, 3.2
$8.1221, 358.0, 13.0, 0.0, -4.0, 3.2
$8.3812, 357.0, 13.0, 0.0, -4.0, 3.3
$8.1946, 356.0, 13.0, 0.0, -4.0, 3.2
$8.1939, 355.0, 13.0, 0.0, -4.2, 3.2
$8.2878, 354.0, 13.0, 0.0, -4.0, 3.2
$8.3584, 353.0, 13.0, 0.0, -4.0, 3.3
$8.3584, 352.0, 13.0, 0.0, -4.0, 3.2
$8.2396, 351.0, 13.0, 0.0, -4.0, 3.3
$8.2213, 350.0, 13.0, 0.0, -4.0, 3.2
$8.3971, 349.0, 13.0, 0.0, -4.0, 3.3
$8.4721, 348.0, 13.0, 0.0, -4.0, 3.3
$8.4974, 347.0, 13.0, 0.0, -4.0, 3.2
$8.4760, 346.0, 13.0, 0.0, -4.0, 3.2
$8.4767, 345.0, 13.0, 0.0, -4.0, 3.3
$8.2798, 345.0, 14.0, 0.0, -4.0, 3.2
$7.7488, 346.0, 14.0, 0.0, -4.1, 3.3
$7.9022, 347.0, 14.0, 0.0, -4.0, 3.3
$7.8871, 348.0, 14.0, 0.0, -4.0, 3.3
$7.7147, 349.0, 14.0, 0.0, -4.0, 3.3
$7.7071, 350.0, 14.0, 0.0, -4.0, 3.3
$7.8722, 351.0, 14.0, 0.0, -4.0, 3.3
$7.7593, 352.0, 14.0, 0.0, -4.0, 3.3
$7.7192, 353.0, 14.0, 0.0, -4.0, 3.3
$7.8708, 354.0, 14.0, 0.0, -4.0, 3.3
$7.7672, 355.0, 14.0, 0.0, -4.0, 3.3
$7.7819, 356.0, 14.0, 0.0, -4.0, 3.3
$7.7072, 357.0, 14.0, 0.0, -4.0, 3.3
$7.6996, 358.0, 14.0, 0.0, -4.0, 3.3
$7.6772, 359.0, 14.0, 0.0, -4.0, 3.3
$7.7296, 0.0, 14.0, 0.0, -4.0, 3.3
$7.6772, 1.0, 14.0, 0.0, -4.0, 3.3
$7.6442, 2.0, 14.0, 0.0, -4.0, 3.1
$7.6618, 3.0, 14.0, 0.0, -4.0, 3.3
$7.7118, 4.0, 14.0, 0.0, -4.0, 3.3
$7.8496, 5.0, 14.0, 0.0, -4.0, 3.3
$7.7131, 6.0, 14.0, 0.0, -4.0, 3.3
$7.7248, 7.0, 14.0, 0.0, -4.0, 3.3
$7.5765, 8.0, 14.0, 0.0, -4.0, 3.2
$7.6835, 9.0, 14.0, 0.0, -4.0, 3.3
$7.7510, 10.0, 14.0, 0.0, -4.0, 3.3
$7.7221, 11.0, 14.0, 0.0, -4.0, 3.3
$7.6071, 12.0, 14.0, 0.0, -4.0, 3.3
$7.5630, 13.0, 14.0, 0.0, -4.0, 3.3
$7.5647, 14.0, 14.0, 0.0, -4.0, 3.3
$7.5496, 15.0, 14.0, 0.0, -4.0, 3.3
$7.5388, 15.0, 15.0, 0.0, -4.0, 3.2
$7.1222, 14.0, 15.0, 0.0, -4.0, 3.2
$7.1296, 13.0, 15.0, 0.0, -4.0, 3.2
$7.2347, 12.0, 15.0, 0.0, -4.0, 3.2
$7.2345, 11.0, 15.0, 0.0, -4.0, 3.3
$7.3321, 10.0, 15.0, 0.0, -4.0, 3.3
$7.4123, 9.0, 15.0, 0.0, -4.0, 3.2
$7.2122, 8.0, 15.0, 0.0, -4.0, 3.2
$7.1446, 7.0, 15.0, 0.0, -4.0, 3.3
$7.1943, 6.0, 15.0, 0.0, -4.0, 3.3
$7.1894, 5.0, 15.0, 0.0, -4.0, 3.2
$7.2046, 4.0, 15.0, 0.0, -4.0, 3.2
$7.1550, 3.0, 15.0, 0.0, -4.0, 3.2
$7.1431, 2.0, 15.0, 0.0, -4.0, 3.3
$7.1431, 1.0, 15.0, 0.0, -4.0, 3.2
$7.1930, 0.0, 15.0, 0.0, -4.0, 3.2
$7.2477, 359.0, 15.0, 0.0, -4.0, 3.3
$7.3788, 358.0, 15.0, 0.0, -4.0, 3.2
$7.1221, 357.0, 15.0, 0.0, -4.0, 3.2
$7.4038, 356.0, 15.0, 0.0, -4.0, 3.2
$7.1371, 355.0, 15.0, 0.0, -4.0, 3.3
$7.1521, 354.0, 15.0, 0.0, -4.0, 3.2
$7.1972, 353.0, 15.0, 0.0, -4.0, 3.3
$7.2271, 352.0, 15.0, 0.0, -4.0, 3.2
$7.1859, 351.0, 15.0, 0.0, -4.0, 3.3
$7.2121, 350.0, 15.0, 0.0, -4.0, 3.3
$7.2999, 349.0, 15.0, 0.0, -4.0, 3.3
$7.0506, 348.0, 15.0, 0.0, -4.0, 3.2
$7.3149, 347.0, 15.0, 0.0, -4.0, 3.3
$7.1583, 346.0, 15.0, 0.0, -4.2, 3.2
$7.2083, 345.0, 15.0, 0.0, -4.0, 3.2
$7.2409, 345.0, 16.0, 0.0, -4.0, 3.2
$6.6699, 346.0, 16.0, 0.0, -4.0, 3.3
$6.6871, 347.0, 16.0, 0.0, -4.0, 3.3
$6.7428, 348.0, 16.0, 0.0, -4.0, 3.3
$6.6796, 349.0, 16.0, 0.0, -4.0, 3.2
$6.7157, 350.0, 16.0, 0.0, -4.0, 3.3
$6.6271, 351.0, 16.0, 0.0, -4.0, 3.3
$6.7096, 352.0, 16.0, 0.0, -4.0, 3.2
$6.6721, 353.0, 16.0, 0.0, -4.0, 3.3
$6.6946, 354.0, 16.0, 0.0, -4.2, 3.2
$6.7440, 355.0, 16.0, 0.0, -4.0, 3.3
$6.7321, 356.0, 16.0, 0.0, -4.0, 3.3
$6.8583, 357.0, 16.0, 0.0, -4.0, 3.3
$6.7956, 358.0, 16.0, 0.0, -4.0, 3.3
$6.7771, 359.0, 16.0, 0.0, -4.0, 3.3
$6.8136, 0.0, 16.0, 0.0, -4.0, 3.3
$6.8095, 1.0, 16.0, 0.0, -4.0, 3.3
$6.7772, 2.0, 16.0, 0.0, -4.0, 3.3
$6.6071, 3.0, 16.0, 0.0, -4.0, 3.2
$6.7021, 4.0, 16.0, 0.0, -4.0, 3.3
$6.7471, 5.0, 16.0, 0.0, -4.0, 3.3
$6.7771, 6.0, 16.0, 0.0, -4.0, 3.3
$6.6946, 7.0, 16.0, 0.0, -4.0, 3.3
$6.7096, 8.0, 16.0, 0.0, -4.0, 3.3
$6.6496, 9.0, 16.0, 0.0, -4.0, 3.2
$6.6547, 10.0, 16.0, 0.0, -4.0, 3.3
$6.7246, 11.0, 16.0, 0.0, -4.0, 3.3
$6.7622, 12.0, 16.0, 0.0, -4.0, 3.3
$6.7511, 13.0, 16.0, 0.0, -4.0, 3.3
$6.7446, 14.0, 16.0, 0.0, -4.0, 3.3
$6.7669, 15.0, 16.0, 0.0, -4.0, 3.3
$6.7267, 15.0, 17.0, 0.0, -4.0, 3.3
$5.4994, 14.0, 17.0, 0.0, -4.0, 3.2
$6.3871, 13.0, 17.0, 0.0, -4.0, 3.2
$6.4042, 12.0, 17.0, 0.0, -4.0, 3.3
$6.3844, 11.0, 17.0, 0.0, -4.0, 3.2
$6.3721, 10.0, 17.0, 0.0, -4.0, 3.2
$6.2747, 9.0, 17.0, 0.0, -4.0, 3.3
$6.3239, 8.0, 17.0, 0.0, -4.0, 3.3
$6.3346, 7.0, 17.0, 0.0, -4.0, 3.2
$6.3570, 6.0, 17.0, 0.0, -4.0, 3.3
$6.3721, 5.0, 17.0, 0.0, -4.0, 3.2
$6.3721, 4.0, 17.0, 0.0, -4.0, 3.3
$6.3345, 3.0, 17.0, 0.0, -4.0, 3.3
$6.3571, 2.0, 17.0, 0.0, -4.0, 3.3
$6.3571, 1.0, 17.0, 0.0, -4.0, 3.3
$6.3322, 0.0, 17.0, 0.0, -4.0, 3.3
$6.4570, 359.0, 17.0, 0.0, -4.0, 3.3
$6.3946, 358.0, 17.0, 0.0, -4.0, 3.2
$6.3301, 357.0, 17.0, 0.0, -4.0, 3.2
$6.3271, 356.0, 17.0, 0.0, -4.0, 3.2
$6.3271, 355.0, 17.0, 0.0, -4.0, 3.0
$6.2987, 354.0, 17.0, 0.0, -4.0, 3.3
$6.2859, 353.0, 17.0, 0.0, -4.0, 3.3
$6.2917, 352.0, 17.0, 0.0, -4.0, 3.2
$6.2272, 351.0, 17.0, 0.0, -4.0, 3.2
$6.3903, 350.0, 17.0, 0.0, -4.0, 3.2
$6.3027, 349.0, 17.0, 0.0, -4.0, 3.2
$6.2521, 348.0, 17.0, 0.0, -4.0, 3.2
$6.3121, 347.0, 17.0, 0.0, -4.0, 3.3
$6.3346, 346.0, 17.0, 0.0, -4.0, 3.3
$6.2786, 345.0, 17.0, 0.0, -4.0, 3.3
$6.3634, 345.0, 18.0, 0.0, -4.0, 3.3
$5.9746, 346.0, 18.0, 0.0, -4.0, 3.2
$6.0271, 347.0, 18.0, 0.0, -4.0, 3.3
$5.9671, 348.0, 18.0, 0.0, -4.0, 3.3
$5.9671, 349.0, 18.0, 0.0, -4.0, 3.3
$5.8847, 350.0, 18.0, 0.0, -4.0, 3.3
$5.8771, 351.0, 18.0, 0.0, -4.0, 3.0
$6.0227, 352.0, 18.0, 0.0, -4.0, 3.3
$5.8921, 353.0, 18.0, 0.0, -4.0, 3.2
$5.8772, 354.0, 18.0, 0.0, -4.0, 3.3
$5.8810, 355.0, 18.0, 0.0, -4.0, 3.3
$5.9644, 356.0, 18.0, 0.0, -4.0, 3.3
$6.0623, 357.0, 18.0, 0.0, -4.0, 3.3
$5.9725, 358.0, 18.0, 0.0, -4.0, 3.3
$6.0496, 359.0, 18.0, 0.0, -4.0, 3.1
$6.0496, 0.0, 18.0, 0.0, -4.0, 3.3
$6.0196, 1.0, 18.0, 0.0, -4.0, 3.3
$6.0240, 2.0, 18.0, 0.0, -4.0, 3.3
$6.0335, 3.0, 18.0, 0.0, -4.0, 3.3
$6.0257, 4.0, 18.0, 0.0, -4.0, 3.3
$6.0122, 5.0, 18.0, 0.0, -4.0, 3.3
$5.9071, 6.0, 18.0, 0.0, -4.0, 3.2
$6.0271, 7.0, 18.0, 0.0, -4.0, 3.3
$6.0271, 8.0, 18.0, 0.0, -4.0, 3.3
$5.9447, 9.0, 18.0, 0.0, -4.0, 3.3
$5.9896, 10.0, 18.0, 0.0, -4.0, 3.3
$6.0039, 11.0, 18.0, 0.0, -4.0, 3.3
$6.0571, 12.0, 18.0, 0.0, -4.0, 3.3
$6.0526, 13.0, 18.0, 0.0, -4.0, 3.3
$5.9998, 14.0, 18.0, 0.0, -4.0, 3.2
$5.9514, 15.0, 18.0, 0.0, -4.0, 3.3
$6.0120, 15.0, 19.0, 0.0, -4.0, 3.3
$4.8443, 14.0, 19.0, 0.0, -4.0, 3.2
$4.6997, 13.0, 19.0, 0.0, -4.0, 3.2
$5.7211, 12.0, 19.0, 0.0, -4.0, 3.2
$5.6415, 11.0, 19.0, 0.0, -4.0, 3.2
$5.6703, 10.0, 19.0, 0.0, -4.0, 3.3
$5.7167, 9.0, 19.0, 0.0, -4.0, 3.4
$5.7047, 8.0, 19.0, 0.0, -4.0, 3.2
$5.7196, 7.0, 19.0, 0.0, -4.0, 3.2
$5.6762, 6.0, 19.0, 0.0, -4.0, 3.2
$5.6596, 5.0, 19.0, 0.0, -4.0, 3.3
$5.7166, 4.0, 19.0, 0.0, -4.0, 3.3
$5.6971, 3.0, 19.0, 0.0, -4.0, 3.3
$5.6422, 2.0, 19.0, 0.0, -4.0, 3.2
$5.6880, 1.0, 19.0, 0.0, -4.0, 3.2
$5.7488, 0.0, 19.0, 0.0, -4.0, 3.2
$5.7231, 359.0, 19.0, 0.0, -4.0, 3.2
$5.7006, 358.0, 19.0, 0.0, -4.0, 3.2
$5.6668, 357.0, 19.0, 0.0, -4.0, 3.3
$5.6870, 356.0, 19.0, 0.0, -4.0, 3.2
$5.6643, 355.0, 19.0, 0.0, -4.0, 3.2
$5.6821, 354.0, 19.0, 0.0, -4.1, 3.3
$5.6971, 353.0, 19.0, 0.0, -4.0, 3.3
$5.7262, 352.0, 19.0, 0.0, -4.0, 3.2
$5.7046, 351.0, 19.0, 0.0, -4.0, 3.2
$5.6630, 350.0, 19.0, 0.0, -4.0, 3.3
$5.6619, 349.0, 19.0, 0.0, -3.6, 3.2
$5.6821, 348.0, 19.0, 0.0, -4.0, 3.2
$5.7016, 347.0, 19.0, 0.0, -4.0, 3.2
$5.6888, 346.0, 19.0, 0.0, -4.0, 3.3
$5.7262, 345.0, 19.0, 0.0, -4.0, 3.2
$5.6972, 345.0, 20.0, 0.0, -4.0, 3.3
$5.6972, 346.0, 20.0, 0.0, -4.0, 3.3
$5.4193, 347.0, 20.0, 0.0, -4.0, 3.3
$5.4256, 348.0, 20.0, 0.0, -4.0, 3.3
$5.4469, 349.0, 20.0, 0.0, -4.0, 3.3
$5.4514, 350.0, 20.0, 0.0, -4.0, 3.3
$5.4173, 351.0, 20.0, 0.0, -4.0, 3.3
$5.3614, 352.0, 20.0, 0.0, -4.0, 3.2
$5.3955, 353.0, 20.0, 0.0, -4.0, 3.3
$5.4384, 354.0, 20.0, 0.0, -4.0, 3.3
$5.3896, 355.0, 20.0, 0.0, -4.0, 3.3
$5.4338, 356.0, 20.0, 0.0, -4.0, 3.3
$5.4039, 357.0, 20.0, 0.0, -4.1, 3.2
$5.3848, 358.0, 20.0, 0.0, -4.0, 3.3
$5.3513, 359.0, 20.0, 0.0, -4.0, 3.3
$5.3521, 0.0, 20.0, 0.0, -4.0, 3.3
$5.3972, 1.0, 20.0, 0.0, -4.0, 3.2
$5.4462, 2.0, 20.0, 0.0, -4.0, 3.3
$5.4659, 3.0, 20.0, 0.0, -4.0, 3.1
$5.4196, 4.0, 20.0, 0.0, -4.0, 3.3
$5.4162, 5.0, 20.0, 0.0, -4.0, 3.3
$5.4991, 6.0, 20.0, 0.0, -4.0, 3.3
$5.5068, 7.0, 20.0, 0.0, -4.0, 3.3
$5.4872, 8.0, 20.0, 0.0, -4.0, 3.2
$5.4101, 9.0, 20.0, 0.0, -4.0, 3.2
$5.4143, 10.0, 20.0, 0.0, -4.0, 3.2
$5.4143, 11.0, 20.0, 0.0, -4.0, 3.3
$5.4548, 12.0, 20.0, 0.0, -4.0, 3.3
$5.4028, 13.0, 20.0, 0.0, -4.0, 3.2
$5.3889, 14.0, 20.0, 0.0, -4.0, 3.2
$4.9534, 15.0, 20.0, 0.0, -4.0, 3.3
$4.8449, 15.0, 21.0, 0.0, -4.0, 3.3
$5.1291, 14.0, 21.0, 0.0, -4.0, 3.2
$5.1796, 13.0, 21.0, 0.0, -4.0, 3.2
$5.1946, 12.0, 21.0, 0.0, -4.0, 3.2
$5.2022, 11.0, 21.0, 0.0, -4.0, 3.2
$5.2273, 10.0, 21.0, 0.0, -4.0, 3.3
$5.1872, 9.0, 21.0, 0.0, -4.0, 3.3
$5.2227, 8.0, 21.0, 0.0, -4.0, 3.3
$5.2272, 7.0, 21.0, 0.0, -4.0, 3.3
$5.2762, 6.0, 21.0, 0.0, -4.0, 3.2
$5.2762, 5.0, 21.0, 0.0, -4.0, 3.2
$5.2131, 4.0, 21.0, 0.0, -4.0, 3.3
$5.2519, 3.0, 21.0, 0.0, -4.0, 3.2
$5.2021, 2.0, 21.0, 0.0, -4.0, 3.2
$5.1401, 1.0, 21.0, 0.0, -4.0, 3.3
$5.1346, 0.0, 21.0, 0.0, -4.0, 3.2
$5.1514, 359.0, 21.0, 0.0, -4.0, 3.2
$5.1703, 358.0, 21.0, 0.0, -4.0, 3.2
$5.1346, 357.0, 21.0, 0.0, -4.0, 3.2
$5.1346, 356.0, 21.0, 0.0, -4.0, 3.3
$5.1776, 355.0, 21.0, 0.0, -4.0, 3.3
$5.1871, 354.0, 21.0, 0.0, -4.0, 3.2
$5.1827, 353.0, 21.0, 0.0, -4.0, 3.3
$5.1971, 352.0, 21.0, 0.0, -3.9, 3.3
$5.1822, 351.0, 21.0, 0.0, -4.0, 3.2
$5.1600, 350.0, 21.0, 0.0, -4.0, 3.3
$5.2365, 349.0, 21.0, 0.0, -4.0, 3.2
$5.2143, 348.0, 21.0, 0.0, -4.0, 3.3
$5.1788, 347.0, 21.0, 0.0, -4.0, 3.2
$5.1689, 346.0, 21.0, 0.0, -4.0, 3.2
$5.1702, 345.0, 21.0, 0.0, -4.0, 3.2
$5.1836, 345.0, 22.0, 0.0, -4.0, 3.0
$4.9614, 346.0, 22.0, 0.0, -4.0, 3.2
$4.9996, 347.0, 22.0, 0.0, -4.0, 3.3
$5.0096, 348.0, 22.0, 0.0, -4.0, 3.3
$4.9997, 349.0, 22.0, 0.0, -4.0, 3.3
$4.9771, 350.0, 22.0, 0.0, -4.0, 3.3
$4.9748, 351.0, 22.0, 0.0, -4.0, 3.2
$5.0185, 352.0, 22.0, 0.0, -4.0, 3.3
$4.9695, 353.0, 22.0, 0.0, -4.0, 3.3
$4.9355, 354.0, 22.0, 0.0, -4.0, 3.3
$4.9572, 355.0, 22.0, 0.0, -4.0, 3.3
$4.9654, 356.0, 22.0, 0.0, -4.0, 3.2
$4.9322, 357.0, 22.0, 0.0, -4.0, 3.3
$4.8922, 358.0, 22.0, 0.0, -4.0, 3.2
$4.9021, 359.0, 22.0, 0.0, -4.0, 3.2
$4.9545, 0.0, 22.0, 0.0, -4.0, 3.2
$4.9397, 1.0, 22.0, 0.0, -4.0, 3.3
$4.9547, 2.0, 22.0, 0.0, -4.0, 3.3
$5.0071, 3.0, 22.0, 0.0, -4.0, 3.3
$4.9204, 4.0, 22.0, 0.0, -4.0, 3.2
$4.9829, 5.0, 22.0, 0.0, -4.1, 3.3
$5.0616, 6.0, 22.0, 0.0, -4.0, 3.3
$4.9546, 7.0, 22.0, 0.0, -4.0, 3.3
$4.9622, 8.0, 22.0, 0.0, -4.0, 3.3
$5.0022, 9.0, 22.0, 0.0, -4.0, 3.2
$5.0146, 10.0, 22.0, 0.0, -4.0, 3.3
$4.9471, 11.0, 22.0, 0.0, -4.0, 3.2
$5.0344, 12.0, 22.0, 0.0, -4.0, 3.3
$4.9396, 13.0, 22.0, 0.0, -4.0, 3.3
$5.0113, 14.0, 22.0, 0.0, -4.0, 3.3
$5.0278, 15.0, 22.0, 0.0, -4.0, 3.3
$5.0352, 15.0, 23.0, 0.0, -4.0, 3.3
$4.8404, 14.0, 23.0, 0.0, -4.0, 3.3
$4.8519, 13.0, 23.0, 0.0, -4.0, 3.2
$4.8272, 12.0, 23.0, 0.0, -4.0, 3.3
$4.8272, 11.0, 23.0, 0.0, -4.0, 3.2
$4.8272, 10.0, 23.0, 0.0, -4.0, 3.3
$4.7964, 9.0, 23.0, 0.0, -4.0, 3.3
$4.7265, 8.0, 23.0, 0.0, -4.1, 3.2
$4.7822, 7.0, 23.0, 0.0, -4.0, 3.2
$4.7545, 6.0, 23.0, 0.0, -4.0, 3.2
$4.7711, 5.0, 23.0, 0.0, -4.0, 3.1
$4.7718, 4.0, 23.0, 0.0, -4.0, 3.2
$4.7596, 3.0, 23.0, 0.0, -4.0, 3.3
$4.7388, 2.0, 23.0, 0.0, -4.0, 3.3
$4.7686, 1.0, 23.0, 0.0, -4.0, 3.3
$4.6947, 0.0, 23.0, 0.0, -4.0, 3.3
$4.7014, 359.0, 23.0, 0.0, -4.0, 3.3
$4.6311, 358.0, 23.0, 0.0, -4.0, 3.2
$4.7801, 357.0, 23.0, 0.0, -4.0, 3.2
$4.6829, 356.0, 23.0, 0.0, -4.0, 3.3
$4.7596, 355.0, 23.0, 0.0, -4.0, 3.2
$4.7821, 354.0, 23.0, 0.0, -4.0, 3.2
$4.8303, 353.0, 23.0, 0.0, -4.0, 3.2
$4.8178, 352.0, 23.0, 0.0, -4.0, 3.3
$4.7296, 351.0, 23.0, 0.0, -4.0, 3.2
$4.7626, 350.0, 23.0, 0.0, -4.0, 3.3
$4.7806, 349.0, 23.0, 0.0, -3.9, 3.2
$4.7809, 348.0, 23.0, 0.0, -4.0, 3.3
$4.8158, 347.0, 23.0, 0.0, -4.0, 3.3
$4.7646, 346.0, 23.0, 0.0, -4.0, 3.2
$4.7661, 345.0, 23.0, 0.0, -4.0, 3.3
$4.7447, 345.0, 24.0, 0.0, -4.0, 3.2
$4.5590, 346.0, 24.0, 0.0, -4.0, 3.3
$4.5763, 347.0, 24.0, 0.0, -4.0, 3.2
$4.5741, 348.0, 24.0, 0.0, -4.0, 3.3
$4.5449, 349.0, 24.0, 0.0, -4.0, 3.3
$4.6035, 350.0, 24.0, 0.0, -4.0, 3.3
$4.6147, 351.0, 24.0, 0.0, -4.0, 3.3
$4.6016, 352.0, 24.0, 0.0, -4.0, 3.2
$4.5972, 353.0, 24.0, 0.0, -4.0, 3.2
$4.5467, 354.0, 24.0, 0.0, -4.0, 3.2
$4.5461, 355.0, 24.0, 0.0, -4.0, 3.3
$4.5721, 356.0, 24.0, 0.0, -4.0, 3.3
$4.5892, 357.0, 24.0, 0.0, -4.0, 3.3
$4.5643, 358.0, 24.0, 0.0, -4.0, 3.3
$4.5422, 359.0, 24.0, 0.0, -4.0, 3.3
$4.5987, 0.0, 24.0, 0.0, -4.0, 3.3
$4.5929, 1.0, 24.0, 0.0, -4.0, 3.2
$4.5909, 2.0, 24.0, 0.0, -4.0, 3.2
$4.5571, 3.0, 24.0, 0.0, -4.0, 3.3
$4.5571, 4.0, 24.0, 0.0, -4.0, 3.2
$4.6064, 5.0, 24.0, 0.0, -4.0, 3.3
$4.5571, 6.0, 24.0, 0.0, -4.0, 3.2
$4.5571, 7.0, 24.0, 0.0, -4.1, 3.3
$4.5964, 8.0, 24.0, 0.0, -4.0, 3.3
$4.5619, 9.0, 24.0, 0.0, -4.0, 3.2
$4.5388, 10.0, 24.0, 0.0, -4.0, 3.3
$4.5407, 11.0, 24.0, 0.0, -4.0, 3.2
$4.5599, 12.0, 24.0, 0.0, -4.0, 3.2
$3.5521, 13.0, 24.0, 0.0, -4.0, 3.3
$3.5235, 14.0, 24.0, 0.0, -4.0, 3.1
$4.5763, 15.0, 24.0, 0.0, -4.0, 3.2
$4.5872, 15.0, 25.0, 0.0, -4.0, 3.2
$4.4426, 14.0, 25.0, 0.0, -4.0, 3.3
$4.4040, 13.0, 25.0, 0.0, -4.0, 3.3
$4.4146, 12.0, 25.0, 0.0, -4.0, 3.2
$4.3996, 11.0, 25.0, 0.0, -4.1, 3.2
$4.4432, 10.0, 25.0, 0.0, -4.0, 3.2
$4.4297, 9.0, 25.0, 0.0, -4.0, 3.3
$4.3697, 8.0, 25.0, 0.0, -4.0, 3.3
$4.4635, 7.0, 25.0, 0.0, -4.0, 3.2
$4.4221, 6.0, 25.0, 0.0, -4.0, 3.3
$4.3997, 5.0, 25.0, 0.0, -4.0, 3.2
$4.3986, 4.0, 25.0, 0.0, -4.0, 3.3
$4.3991, 3.0, 25.0, 0.0, -4.0, 3.4
$4.3981, 2.0, 25.0, 0.0, -4.0, 3.3
$4.3921, 1.0, 25.0, 0.0, -4.0, 3.2
$4.3921, 0.0, 25.0, 0.0, -4.0, 3.3
$4.3858, 359.0, 25.0, 0.0, -4.0, 3.3
$4.3659, 358.0, 25.0, 0.0, -4.0, 3.2
$4.4233, 357.0, 25.0, 0.0, -4.2, 3.2
$4.3917, 356.0, 25.0, 0.0, -4.0, 3.3
$4.3921, 355.0, 25.0, 0.0, -4.0, 3.3
$4.4087, 354.0, 25.0, 0.0, -4.0, 3.3
$4.3904, 353.0, 25.0, 0.0, -4.0, 3.2
$4.3828, 352.0, 25.0, 0.0, -4.0, 3.2
$4.3802, 351.0, 25.0, 0.0, -4.0, 3.2
$4.4121, 350.0, 25.0, 0.0, -4.0, 3.2
$4.4185, 349.0, 25.0, 0.0, -4.0, 3.3
$4.4397, 348.0, 25.0, 0.0, -4.0, 3.2
$4.4129, 347.0, 25.0, 0.0, -4.0, 3.2
$4.4085, 346.0, 25.0, 0.0, -4.0, 3.3
$4.4071, 345.0, 25.0, 0.0, -4.0, 3.3
$4.4318, 345.0, 26.0, 0.0, -4.0, 3.2
$4.2421, 346.0, 26.0, 0.0, -4.0, 3.3
$4.2714, 347.0, 26.0, 0.0, -4.0, 3.3
$4.3195, 348.0, 26.0, 0.0, -4.0, 3.3
$4.2571, 349.0, 26.0, 0.0, -4.0, 3.3
$4.2564, 350.0, 26.0, 0.0, -4.0, 3.2
$4.2618, 351.0, 26.0, 0.0, -4.0, 3.3
$4.2570, 352.0, 26.0, 0.0, -4.0, 3.3
$4.2611, 353.0, 26.0, 0.0, -4.0, 3.3
$4.2611, 354.0, 26.0, 0.0, -4.0, 3.2
$4.2272, 355.0, 26.0, 0.0, -4.0, 3.3
$4.2196, 356.0, 26.0, 0.0, -4.0, 3.3
$4.2230, 357.0, 26.0, 0.0, -4.0, 3.3
$4.2421, 358.0, 26.0, 0.0, -4.0, 3.3
$4.2421, 359.0, 26.0, 0.0, -4.0, 3.3
$4.2389, 0.0, 26.0, 0.0, -4.0, 3.3
$4.2266, 1.0, 26.0, 0.0, -4.0, 3.3
$4.2113, 2.0, 26.0, 0.0, -4.0, 3.3
$4.2113, 3.0, 26.0, 0.0, -4.0, 3.3
$4.2270, 4.0, 26.0, 0.0, -4.0, 3.3
$4.2270, 5.0, 26.0, 0.0, -4.0, 3.3
$4.2947, 6.0, 26.0, 0.0, -4.0, 3.2
$4.2421, 7.0, 26.0, 0.0, -4.0, 3.3
$4.2377, 8.0, 26.0, 0.0, -4.0, 3.3
$4.2281, 9.0, 26.0, 0.0, -4.0, 3.3
$4.2170, 10.0, 26.0, 0.0, -4.0, 3.3
$4.2627, 11.0, 26.0, 0.0, -4.0, 3.3
$4.2463, 12.0, 26.0, 0.0, -4.0, 3.3
$4.2912, 13.0, 26.0, 0.0, -4.0, 3.3
$4.2912, 14.0, 26.0, 0.0, -4.0, 3.3
$4.1672, 15.0, 26.0, 0.0, -4.0, 3.3
$4.2556, 15.0, 27.0, 0.0, -4.0, 3.3
$4.1489, 14.0, 27.0, 0.0, -4.2, 3.2
$4.1366, 13.0, 27.0, 0.0, -4.0, 3.2
$4.0696, 12.0, 27.0, 0.0, -4.0, 3.2
$4.0993, 11.0, 27.0, 0.0, -4.0, 3.3
$4.0825, 10.0, 27.0, 0.0, -4.0, 3.3
$4.0870, 9.0, 27.0, 0.0, -4.0, 3.2
$4.1222, 8.0, 27.0, 0.0, -4.0, 3.4
$4.0322, 7.0, 27.0, 0.0, -4.0, 3.3
$4.1136, 6.0, 27.0, 0.0, -4.0, 3.2
$4.1339, 5.0, 27.0, 0.0, -4.0, 3.3
$4.0922, 4.0, 27.0, 0.0, -4.0, 3.2
$4.1391, 3.0, 27.0, 0.0, -4.0, 3.3
$4.1114, 2.0, 27.0, 0.0, -4.0, 3.2
$4.1070, 1.0, 27.0, 0.0, -4.0, 3.3
$4.0847, 0.0, 27.0, 0.0, -4.0, 3.2
$4.1237, 359.0, 27.0, 0.0, -4.0, 3.3
$4.0918, 358.0, 27.0, 0.0, -4.0, 3.2
$4.0759, 357.0, 27.0, 0.0, -4.0, 3.2
$4.1091, 356.0, 27.0, 0.0, -4.0, 3.3
$4.0771, 355.0, 27.0, 0.0, -4.0, 3.2
$4.1172, 354.0, 27.0, 0.0, -4.0, 3.2
$4.0735, 353.0, 27.0, 0.0, -4.0, 3.2
$4.0706, 352.0, 27.0, 0.0, -4.0, 3.2
$4.0720, 351.0, 27.0, 0.0, -4.0, 3.2
$4.1146, 350.0, 27.0, 0.0, -4.0, 3.2
$4.0962, 349.0, 27.0, 0.0, -4.2, 3.2
$4.1346, 348.0, 27.0, 0.0, -4.0, 3.3
$4.1146, 347.0, 27.0, 0.0, -4.0, 3.3
$4.0919, 346.0, 27.0, 0.0, -4.0, 3.3
$4.0771, 345.0, 27.0, 0.0, -4.0, 3.2
$4.0836, 345.0, 28.0, 0.0, -4.0, 3.3
$4.0836, 346.0, 28.0, 0.0, -4.0, 3.3
$3.9946, 347.0, 28.0, 0.0, -4.0, 3.2
$3.9794, 348.0, 28.0, 0.0, -4.0, 3.3
$3.9571, 349.0, 28.0, 0.0, -4.0, 3.1
$3.9572, 350.0, 28.0, 0.0, -4.0, 3.3
$3.9701, 351.0, 28.0, 0.0, -4.0, 3.3
$3.9851, 352.0, 28.0, 0.0, -4.0, 3.3
$3.9571, 353.0, 28.0, 0.0, -4.0, 3.3
$3.9918, 354.0, 28.0, 0.0, -4.0, 3.3
$3.9260, 355.0, 28.0, 0.0, -4.0, 3.3
$3.9264, 356.0, 28.0, 0.0, -4.0, 3.3
$3.9376, 357.0, 28.0, 0.0, -4.0, 3.3
$3.9781, 358.0, 28.0, 0.0, -4.0, 3.3
$3.9497, 359.0, 28.0, 0.0, -4.0, 3.2
$3.9450, 0.0, 28.0, 0.0, -4.0, 3.3
$3.9092, 1.0, 28.0, 0.0, -4.0, 3.2
$3.9229, 2.0, 28.0, 0.0, -4.0, 3.3
$3.9379, 3.0, 28.0, 0.0, -4.0, 3.2
$3.9562, 4.0, 28.0, 0.0, -4.0, 3.3
$3.9721, 5.0, 28.0, 0.0, -4.0, 3.3
$3.9328, 6.0, 28.0, 0.0, -4.0, 3.3
$3.9306, 7.0, 28.0, 0.0, -4.0, 3.3
$3.9228, 8.0, 28.0, 0.0, -4.0, 3.3
$3.9066, 9.0, 28.0, 0.0, -4.0, 3.3
$3.9077, 10.0, 28.0, 0.0, -4.0, 3.3
$3.9496, 11.0, 28.0, 0.0, -4.0, 3.2
$3.9441, 12.0, 28.0, 0.0, -4.0, 3.3
$3.9493, 13.0, 28.0, 0.0, -4.0, 3.3
$3.9721, 14.0, 28.0, 0.0, -4.0, 3.3
$3.9719, 15.0, 28.0, 0.0, -4.0, 3.2
$3.9871, 15.0, 29.0, 0.0, -4.0, 3.3
$3.8423, 14.0, 29.0, 0.0, -4.0, 3.3
$3.8417, 13.0, 29.0, 0.0, -4.0, 3.2
$3.8761, 12.0, 29.0, 0.0, -4.0, 3.2
$3.8922, 11.0, 29.0, 0.0, -4.0, 3.3
$3.7967, 10.0, 29.0, 0.0, -4.0, 3.2
$3.8337, 9.0, 29.0, 0.0, -4.0, 3.2
$3.8410, 8.0, 29.0, 0.0, -4.0, 3.2
$3.8495, 7.0, 29.0, 0.0, -4.1, 3.3
$3.8574, 6.0, 29.0, 0.0, -4.1, 3.2
$3.8519, 5.0, 29.0, 0.0, -4.0, 3.3
$3.8656, 4.0, 29.0, 0.0, -4.0, 3.2
$3.8549, 3.0, 29.0, 0.0, -4.0, 3.2
$3.8511, 2.0, 29.0, 0.0, -4.0, 3.2
$3.8427, 1.0, 29.0, 0.0, -4.0, 3.2
$3.8460, 0.0, 29.0, 0.0, -4.0, 3.3
$3.8651, 359.0, 29.0, 0.0, -4.0, 3.2
$3.8671, 358.0, 29.0, 0.0, -4.0, 3.3
$3.8482, 357.0, 29.0, 0.0, -4.0, 3.3
$3.8586, 356.0, 29.0, 0.0, -4.0, 3.3
$3.8821, 355.0, 29.0, 0.0, -3.9, 3.2
$3.8371, 354.0, 29.0, 0.0, -4.0, 3.3
$3.8361, 353.0, 29.0, 0.0, -4.0, 3.2
$3.8295, 352.0, 29.0, 0.0, -4.0, 3.3
$3.8346, 351.0, 29.0, 0.0, -4.0, 3.2
$3.8428, 350.0, 29.0, 0.0, -4.0, 3.2
$3.8428, 349.0, 29.0, 0.0, -4.0, 3.2
$3.8814, 348.0, 29.0, 0.0, -4.0, 3.3
$3.8822, 347.0, 29.0, 0.0, -3.9, 3.2
$3.8910, 346.0, 29.0, 0.0, -4.0, 3.3
$3.8221, 345.0, 29.0, 0.0, -4.0, 3.3
$3.8128, 345.0, 30.0, 0.0, -4.0, 3.2
$3.7468, 346.0, 30.0, 0.0, -4.0, 3.2
$3.7446, 347.0, 30.0, 0.0, -4.0, 3.5
$3.8060, 348.0, 30.0, 0.0, -4.0, 3.3
$3.7545, 349.0, 30.0, 0.0, -4.0, 3.3
$3.7320, 350.0, 30.0, 0.0, -4.0, 3.3
$3.7471, 351.0, 30.0, 0.0, -4.0, 3.3
$3.7722, 352.0, 30.0, 0.0, -4.0, 3.2
$3.7547, 353.0, 30.0, 0.0, -4.0, 3.3
$3.7472, 354.0, 30.0, 0.0, -4.0, 3.3
$3.7321, 355.0, 30.0, 0.0, -4.0, 3.2
$3.7318, 356.0, 30.0, 0.0, -4.0, 3.2
$3.7289, 357.0, 30.0, 0.0, -4.0, 3.3
$3.7508, 358.0, 30.0, 0.0, -4.0, 3.3
$3.7434, 359.0, 30.0, 0.0, -4.0, 3.3
$3.7246, 0.0, 30.0, 0.0, -4.0, 3.3
$3.7130, 1.0, 30.0, 0.0, -4.0, 3.3
$3.7430, 2.0, 30.0, 0.0, -4.0, 3.3
$3.7416, 3.0, 30.0, 0.0, -4.0, 3.3
$3.8039, 4.0, 30.0, 0.0, -4.0, 3.3
$3.7579, 5.0, 30.0, 0.0, -4.0, 3.3
$3.7446, 6.0, 30.0, 0.0, -4.0, 3.3
$3.7338, 7.0, 30.0, 0.0, -4.0, 3.3
$3.7246, 8.0, 30.0, 0.0, -4.0, 3.3
$3.7247, 9.0, 30.0, 0.0, -4.0, 3.3
$3.7197, 10.0, 30.0, 0.0, -4.0, 3.3
$3.7344, 11.0, 30.0, 0.0, -4.0, 3.2
$3.7306, 12.0, 30.0, 0.0, -4.0, 3.3
$3.7306, 13.0, 30.0, 0.0, -4.0, 3.3
$3.7230, 14.0, 30.0, 0.0, -4.0, 3.3
$3.7171, 15.0, 30.0, 0.0, -4.0, 3.3
$3.7213, 15.0, 31.0, 0.0, -4.0, 3.3
$3.6139, 14.0, 31.0, 0.0, -4.0, 3.3
$3.5971, 13.0, 31.0, 0.0, -4.0, 3.2
$3.6721, 12.0, 31.0, 0.0, -4.0, 3.2
$3.6721, 11.0, 31.0, 0.0, -4.0, 3.2
$3.6240, 10.0, 31.0, 0.0, -4.0, 3.3
$3.6271, 9.0, 31.0, 0.0, -4.0, 3.3
$3.5923, 8.0, 31.0, 0.0, -4.0, 3.3

